 0.15395746E+00  0.15395746E+00  0.97600932E+00  0.91652226E-02
 0.45769112E+00  0.15395746E+00  0.87568027E+00  0.65834251E-02
 0.15395746E+00  0.45769112E+00  0.87568027E+00  0.65834251E-02
 0.62869660E+00  0.15395746E+00  0.76225828E+00  0.52018688E-02
 0.45769112E+00  0.45769112E+00  0.76225827E+00  0.48695838E-02
 0.15395746E+00  0.62869660E+00  0.76225828E+00  0.52018688E-02
 0.76225828E+00  0.15395746E+00  0.62869660E+00  0.52018688E-02
 0.62869660E+00  0.45769112E+00  0.62869661E+00  0.40612725E-02
 0.45769112E+00  0.62869660E+00  0.62869661E+00  0.40612725E-02
 0.15395746E+00  0.76225828E+00  0.62869660E+00  0.52018688E-02
 0.87568027E+00  0.15395746E+00  0.45769112E+00  0.65834251E-02
 0.76225828E+00  0.45769112E+00  0.45769111E+00  0.48695838E-02
 0.62869660E+00  0.62869660E+00  0.45769113E+00  0.40612725E-02
 0.45769112E+00  0.76225828E+00  0.45769111E+00  0.48695838E-02
 0.15395746E+00  0.87568027E+00  0.45769112E+00  0.65834251E-02
 0.97600932E+00  0.15395746E+00  0.15395749E+00  0.91652226E-02
 0.87568027E+00  0.45769112E+00  0.15395747E+00  0.65834251E-02
 0.76225828E+00  0.62869660E+00  0.15395746E+00  0.52018688E-02
 0.62869660E+00  0.76225828E+00  0.15395746E+00  0.52018688E-02
 0.45769112E+00  0.87568027E+00  0.15395747E+00  0.65834251E-02
 0.15395746E+00  0.97600932E+00  0.15395749E+00  0.91652226E-02

