0.14238965E+00  0.14238965E+00  0.97951538E+00  0.77714535E-02
0.42048076E+00  0.14238965E+00  0.89605866E+00  0.54157121E-02
0.14238965E+00  0.42048076E+00  0.89605866E+00  0.54157121E-02
0.57735027E+00  0.14238965E+00  0.80398498E+00  0.41522006E-02
0.42048076E+00  0.42048076E+00  0.80398499E+00  0.38107905E-02
0.14238965E+00  0.57735027E+00  0.80398498E+00  0.41522006E-02
0.69990185E+00  0.14238965E+00  0.69990184E+00  0.39796325E-02
0.57735027E+00  0.42048076E+00  0.69990185E+00  0.30681395E-02
0.42048076E+00  0.57735027E+00  0.69990185E+00  0.30681395E-02
0.14238965E+00  0.69990185E+00  0.69990184E+00  0.39796325E-02
0.80398498E+00  0.14238965E+00  0.57735027E+00  0.41522006E-02
0.69990185E+00  0.42048076E+00  0.57735027E+00  0.30681395E-02
0.57735027E+00  0.57735027E+00  0.57735027E+00  0.24980566E-02
0.42048076E+00  0.69990185E+00  0.57735027E+00  0.30681395E-02
0.14238965E+00  0.80398498E+00  0.57735027E+00  0.41522006E-02
0.89605866E+00  0.14238965E+00  0.42048076E+00  0.54157121E-02
0.80398498E+00  0.42048076E+00  0.42048078E+00  0.38107905E-02
0.69990185E+00  0.57735027E+00  0.42048076E+00  0.30681395E-02
0.57735027E+00  0.69990185E+00  0.42048076E+00  0.30681395E-02
0.42048076E+00  0.80398498E+00  0.42048078E+00  0.38107905E-02
0.14238965E+00  0.89605866E+00  0.42048076E+00  0.54157121E-02
0.97951538E+00  0.14238965E+00  0.14238963E+00  0.77714535E-02
0.89605866E+00  0.42048076E+00  0.14238964E+00  0.54157121E-02
0.80398498E+00  0.57735027E+00  0.14238967E+00  0.41522006E-02
0.69990185E+00  0.69990185E+00  0.14238961E+00  0.39796325E-02
0.57735027E+00  0.80398498E+00  0.14238967E+00  0.41522006E-02
0.42048076E+00  0.89605866E+00  0.14238964E+00  0.54157121E-02
0.14238965E+00  0.97951538E+00  0.14238963E+00  0.77714535E-02

