0.13344572E+00  0.13344572E+00  0.98203079E+00  0.67692813E-02
0.39119433E+00  0.13344572E+00  0.91058181E+00  0.45995663E-02
0.13344572E+00  0.39119433E+00  0.91058181E+00  0.45995663E-02
0.53689687E+00  0.13344572E+00  0.83302700E+00  0.34715913E-02
0.39119433E+00  0.39119433E+00  0.83302701E+00  0.31178438E-02
0.13344572E+00  0.53689687E+00  0.83302700E+00  0.34715913E-02
0.65075610E+00  0.13344572E+00  0.74746822E+00  0.32253550E-02
0.53689687E+00  0.39119433E+00  0.74746822E+00  0.24529063E-02
0.39119433E+00  0.53689687E+00  0.74746822E+00  0.24529063E-02
0.13344572E+00  0.65075610E+00  0.74746822E+00  0.32253550E-02
0.74746822E+00  0.13344572E+00  0.65075610E+00  0.32253550E-02
0.65075610E+00  0.39119433E+00  0.65075609E+00  0.23497025E-02
0.53689687E+00  0.53689687E+00  0.65075610E+00  0.19310013E-02
0.39119433E+00  0.65075610E+00  0.65075609E+00  0.23497025E-02
0.13344572E+00  0.74746822E+00  0.65075610E+00  0.32253550E-02
0.83302700E+00  0.13344572E+00  0.53689688E+00  0.34715913E-02
0.74746822E+00  0.39119433E+00  0.53689688E+00  0.24529063E-02
0.65075610E+00  0.53689687E+00  0.53689687E+00  0.19310013E-02
0.53689687E+00  0.65075610E+00  0.53689687E+00  0.19310013E-02
0.39119433E+00  0.74746822E+00  0.53689688E+00  0.24529063E-02
0.13344572E+00  0.83302700E+00  0.53689688E+00  0.34715913E-02
0.91058181E+00  0.13344572E+00  0.39119433E+00  0.45995663E-02
0.83302700E+00  0.39119433E+00  0.39119434E+00  0.31178438E-02
0.74746822E+00  0.53689687E+00  0.39119434E+00  0.24529063E-02
0.65075610E+00  0.65075610E+00  0.39119432E+00  0.23497025E-02
0.53689687E+00  0.74746822E+00  0.39119434E+00  0.24529063E-02
0.39119433E+00  0.83302700E+00  0.39119434E+00  0.31178438E-02
0.13344572E+00  0.91058181E+00  0.39119433E+00  0.45995663E-02
0.98203079E+00  0.13344572E+00  0.13344575E+00  0.67692813E-02
0.91058181E+00  0.39119433E+00  0.13344573E+00  0.45995663E-02
0.83302700E+00  0.53689687E+00  0.13344575E+00  0.34715913E-02
0.74746822E+00  0.65075610E+00  0.13344571E+00  0.32253550E-02
0.65075610E+00  0.74746822E+00  0.13344571E+00  0.32253550E-02
0.53689687E+00  0.83302700E+00  0.13344575E+00  0.34715913E-02
0.39119433E+00  0.91058181E+00  0.13344573E+00  0.45995663E-02
0.13344572E+00  0.98203079E+00  0.13344575E+00  0.67692813E-02
