 0.30163878E+00   0.30163878E+00  0.90444905E+00  0.41666667E-01
 0.90444905E+00   0.30163878E+00  0.30163879E+00  0.41666667E-01
 0.30163878E+00   0.90444905E+00  0.30163879E+00  0.41666667E-01
-0.30163878E+00   0.30163878E+00  0.90444905E+00  0.41666667E-01
-0.90444905E+00   0.30163878E+00  0.30163879E+00  0.41666667E-01
-0.30163878E+00   0.90444905E+00  0.30163879E+00  0.41666667E-01
-0.30163878E+00  -0.30163878E+00  0.90444905E+00  0.41666667E-01
-0.90444905E+00  -0.30163878E+00  0.30163879E+00  0.41666667E-01
-0.30163878E+00  -0.90444905E+00  0.30163879E+00  0.41666667E-01
 0.30163878E+00  -0.30163878E+00  0.90444905E+00  0.41666667E-01
 0.90444905E+00  -0.30163878E+00  0.30163879E+00  0.41666667E-01
 0.30163878E+00  -0.90444905E+00  0.30163879E+00  0.41666667E-01


