0.26663540151670                 0.26663540151670                 0.92618093551749                0.02201576635792          
0.68150772653655                 0.26663540151670                 0.68150772653655                0.01965090030874          
0.92618093551749                 0.26663540151670                 0.26663540151670                0.02201576635792          
0.26663540151670                 0.68150772653655                 0.68150772653655                0.01965090030874          
0.68150772653655                 0.68150772653655                 0.26663540151670                0.01965090030874          
0.26663540151670                 0.92618093551749                 0.26663540151670                0.02201576635792          
-0.26663540151670                0.92618093551749                 0.26663540151670                0.02201576635792          
-0.68150772653655                0.68150772653655                 0.26663540151670                0.01965090030874          
-0.26663540151670                0.68150772653655                 0.68150772653655                0.01965090030874          
-0.92618093551749                0.26663540151670                 0.26663540151670                0.02201576635792          
-0.68150772653655                0.26663540151670                 0.68150772653655                0.01965090030874          
-0.26663540151670                0.26663540151670                 0.92618093551749                0.02201576635792          
-0.26663540151670                -0.92618093551749                0.26663540151670                0.02201576635792          
-0.68150772653655                -0.68150772653655                0.26663540151670                0.01965090030874          
-0.26663540151670                -0.68150772653655                0.68150772653655                0.01965090030874          
-0.92618093551749                -0.26663540151670                0.26663540151670                0.02201576635792          
-0.68150772653655                -0.26663540151670                0.68150772653655                0.01965090030874          
-0.26663540151670                -0.26663540151670                0.92618093551749                0.02201576635792          
0.26663540151670                 -0.26663540151670                0.92618093551749                0.02201576635792          
0.68150772653655                 -0.26663540151670                0.68150772653655                0.01965090030874          
0.92618093551749                 -0.26663540151670                0.26663540151670                0.02201576635792          
0.26663540151670                 -0.68150772653655                0.68150772653655                0.01965090030874          
0.68150772653655                 -0.68150772653655                0.26663540151670                0.01965090030874          
0.26663540151670                 -0.92618093551749                0.26663540151670                0.02201576635792          
0.26663540151670                 0.26663540151670                 -0.92618093551749               0.02201576635792          
0.68150772653655                 0.26663540151670                 -0.68150772653655               0.01965090030874          
0.92618093551749                 0.26663540151670                 -0.26663540151670               0.02201576635792          
0.26663540151670                 0.68150772653655                 -0.68150772653655               0.01965090030874          
0.68150772653655                 0.68150772653655                 -0.26663540151670               0.01965090030874          
0.26663540151670                 0.92618093551749                 -0.26663540151670               0.02201576635792          
-0.26663540151670                0.92618093551749                 -0.26663540151670               0.02201576635792          
-0.68150772653655                0.68150772653655                 -0.26663540151670               0.01965090030874          
-0.26663540151670                0.68150772653655                 -0.68150772653655               0.01965090030874          
-0.92618093551749                0.26663540151670                 -0.26663540151670               0.02201576635792          
-0.68150772653655                0.26663540151670                 -0.68150772653655               0.01965090030874          
-0.26663540151670                0.26663540151670                 -0.92618093551749               0.02201576635792          
-0.26663540151670                -0.92618093551749                -0.26663540151670               0.02201576635792          
-0.68150772653655                -0.68150772653655                -0.26663540151670               0.01965090030874          
-0.26663540151670                -0.68150772653655                -0.68150772653655               0.01965090030874          
-0.92618093551749                -0.26663540151670                -0.26663540151670               0.02201576635792          
-0.68150772653655                -0.26663540151670                -0.68150772653655               0.01965090030874          
-0.26663540151670                -0.26663540151670                -0.92618093551749               0.02201576635792          
0.26663540151670                 -0.26663540151670                -0.92618093551749               0.02201576635792          
0.68150772653655                 -0.26663540151670                -0.68150772653655               0.01965090030874          
0.92618093551749                 -0.26663540151670                -0.26663540151670               0.02201576635792          
0.26663540151670                 -0.68150772653655                -0.68150772653655               0.01965090030874          
0.68150772653655                 -0.68150772653655                -0.26663540151670               0.01965090030874          
0.26663540151670                 -0.92618093551749                -0.26663540151670               0.02201576635792          

