 492
 0.000000000000000E+00 -0.5257311121191336 0.8506508083520399 1.975080522322180E-02
 0.000000000000000E+00 -0.5257311121191336 -0.8506508083520399 1.975080522322180E-02
 0.8506508083520399 0.000000000000000E+00 -0.5257311121191336 1.975080522322180E-02
 0.8506508083520399 0.000000000000000E+00 0.5257311121191336 1.975080522322180E-02
 -0.5257311121191336 0.8506508083520399 0.000000000000000E+00 1.975080522322180E-02
 -0.5257311121191336 -0.8506508083520399 0.000000000000000E+00 1.975080522322180E-02
 0.000000000000000E+00 0.5257311121191336 -0.8506508083520399 1.975080522322180E-02
 0.000000000000000E+00 0.5257311121191336 0.8506508083520399 1.975080522322180E-02
 -0.8506508083520399 0.000000000000000E+00 0.5257311121191336 1.975080522322180E-02
 -0.8506508083520399 0.000000000000000E+00 -0.5257311121191336 1.975080522322180E-02
 0.5257311121191336 -0.8506508083520399 0.000000000000000E+00 1.975080522322180E-02
 0.5257311121191336 0.8506508083520399 0.000000000000000E+00 1.975080522322180E-02
 -0.4322713905720558 -0.8949553391237015 0.1104372485481304 2.385694518480970E-02
 -0.8949553391237015 -0.1104372485481304 0.4322713905720558 2.385694518480970E-02
 0.5352362484147479 0.8313195573301166 -0.1497663245972376 2.385694518480970E-02
 -0.9128319087005897 -6.363578179358492E-02 -0.4033464933943985 2.385694518480970E-02
 -0.4322713905720558 0.8949553391237015 -0.1104372485481304 2.385694518480970E-02
 0.8949553391237015 -0.1104372485481304 -0.4322713905720558 2.385694518480970E-02
 0.5820377151692934 -0.8023946601524593 -0.1318897550203495 2.385694518480970E-02
 -0.4033464933943985 -0.9128319087005897 -6.363578179358492E-02 2.385694518480970E-02
 6.363578179358492E-02 -0.4033464933943985 0.9128319087005897 2.385694518480970E-02
 -0.1318897550203495 -0.5820377151692934 0.8023946601524593 2.385694518480970E-02
 -0.8313195573301166 0.1497663245972376 0.5352362484147479 2.385694518480970E-02
 0.7630655841033521 -2.892489717765732E-02 0.6456734969628783 2.385694518480970E-02
 0.1497663245972376 0.5352362484147479 -0.8313195573301166 2.385694518480970E-02
 2.892489717765732E-02 0.6456734969628783 -0.7630655841033521 2.385694518480970E-02
 0.8023946601524593 0.1318897550203495 0.5820377151692934 2.385694518480970E-02
 -0.6456734969628783 -0.7630655841033521 -2.892489717765732E-02 2.385694518480970E-02
 -0.9128319087005897 6.363578179358492E-02 0.4033464933943985 2.385694518480970E-02
 -0.1104372485481304 0.4322713905720558 -0.8949553391237015 2.385694518480970E-02
 -0.1104372485481304 -0.4322713905720558 0.8949553391237015 2.385694518480970E-02
 0.5352362484147479 -0.8313195573301166 0.1497663245972376 2.385694518480970E-02
 0.1104372485481304 -0.4322713905720558 -0.8949553391237015 2.385694518480970E-02
 -6.363578179358492E-02 -0.4033464933943985 -0.9128319087005897 2.385694518480970E-02
 0.1318897550203495 -0.5820377151692934 -0.8023946601524593 2.385694518480970E-02
 -0.7630655841033521 -2.892489717765732E-02 -0.6456734969628783 2.385694518480970E-02
 0.4033464933943985 0.9128319087005897 -6.363578179358492E-02 2.385694518480970E-02
 -0.1497663245972376 -0.5352362484147479 -0.8313195573301166 2.385694518480970E-02
 -0.5820377151692934 0.8023946601524593 -0.1318897550203495 2.385694518480970E-02
 -2.892489717765732E-02 -0.6456734969628783 -0.7630655841033521 2.385694518480970E-02
 0.8313195573301166 0.1497663245972376 -0.5352362484147479 2.385694518480970E-02
 0.4322713905720558 0.8949553391237015 0.1104372485481304 2.385694518480970E-02
 -0.8949553391237015 0.1104372485481304 -0.4322713905720558 2.385694518480970E-02
 -0.6456734969628783 0.7630655841033521 2.892489717765732E-02 2.385694518480970E-02
 0.8023946601524593 -0.1318897550203495 -0.5820377151692934 2.385694518480970E-02
 0.4322713905720558 -0.8949553391237015 -0.1104372485481304 2.385694518480970E-02
 0.8949553391237015 0.1104372485481304 0.4322713905720558 2.385694518480970E-02
 0.1104372485481304 0.4322713905720558 0.8949553391237015 2.385694518480970E-02
 0.1318897550203495 0.5820377151692934 0.8023946601524593 2.385694518480970E-02
 0.8313195573301166 -0.1497663245972376 0.5352362484147479 2.385694518480970E-02
 -0.7630655841033521 2.892489717765732E-02 0.6456734969628783 2.385694518480970E-02
 -6.363578179358492E-02 0.4033464933943985 0.9128319087005897 2.385694518480970E-02
 -0.4033464933943985 0.9128319087005897 6.363578179358492E-02 2.385694518480970E-02
 0.5820377151692934 0.8023946601524593 0.1318897550203495 2.385694518480970E-02
 0.9128319087005897 -6.363578179358492E-02 0.4033464933943985 2.385694518480970E-02
 -0.8023946601524593 -0.1318897550203495 0.5820377151692934 2.385694518480970E-02
 0.6456734969628783 0.7630655841033521 -2.892489717765732E-02 2.385694518480970E-02
 -0.5352362484147479 0.8313195573301166 0.1497663245972376 2.385694518480970E-02
 0.7630655841033521 2.892489717765732E-02 -0.6456734969628783 2.385694518480970E-02
 -0.8313195573301166 -0.1497663245972376 -0.5352362484147479 2.385694518480970E-02
 -2.892489717765732E-02 0.6456734969628783 0.7630655841033521 2.385694518480970E-02
 0.4033464933943985 -0.9128319087005897 6.363578179358492E-02 2.385694518480970E-02
 -0.8023946601524593 0.1318897550203495 -0.5820377151692934 2.385694518480970E-02
 0.9128319087005897 6.363578179358492E-02 -0.4033464933943985 2.385694518480970E-02
 -0.1318897550203495 0.5820377151692934 -0.8023946601524593 2.385694518480970E-02
 6.363578179358492E-02 0.4033464933943985 -0.9128319087005897 2.385694518480970E-02
 -0.1497663245972376 0.5352362484147479 0.8313195573301166 2.385694518480970E-02
 -0.5820377151692934 -0.8023946601524593 0.1318897550203495 2.385694518480970E-02
 -0.5352362484147479 -0.8313195573301166 -0.1497663245972376 2.385694518480970E-02
 0.6456734969628783 -0.7630655841033521 2.892489717765732E-02 2.385694518480970E-02
 2.892489717765732E-02 -0.6456734969628783 0.7630655841033521 2.385694518480970E-02
 0.1497663245972376 -0.5352362484147479 0.8313195573301166 2.385694518480970E-02
 -0.3209363595497408 -0.9203379286096760 0.2235574876433586 2.544000431423761E-02
 -0.9203379286096760 -0.2235574876433586 0.3209363595497408 2.544000431423761E-02
 0.5336154917776874 0.7888949961949718 -0.3047936874566010 2.544000431423761E-02
 -0.9555225578484426 -0.1314429324147041 -0.2640064335598530 2.544000431423761E-02
 -0.3209363595497408 0.9203379286096760 -0.2235574876433586 2.544000431423761E-02
 0.9203379286096760 -0.2235574876433586 -0.3209363595497408 2.544000431423761E-02
 0.6257300470063418 -0.7319650702050841 -0.2696090582178344 2.544000431423761E-02
 -0.2640064335598530 -0.9555225578484426 -0.1314429324147041 2.544000431423761E-02
 0.1314429324147041 -0.2640064335598530 0.9555225578484426 2.544000431423761E-02
 -0.2696090582178344 -0.6257300470063418 0.7319650702050841 2.544000431423761E-02
 -0.7888949961949718 0.3047936874566010 0.5336154917776874 2.544000431423761E-02
 0.6507288703918417 -5.692992598988780E-02 0.7571729794210460 2.544000431423761E-02
 0.3047936874566010 0.5336154917776874 -0.7888949961949718 2.544000431423761E-02
 5.692992598988780E-02 0.7571729794210460 -0.6507288703918417 2.544000431423761E-02
 0.7319650702050841 0.2696090582178344 0.6257300470063418 2.544000431423761E-02
 -0.7571729794210460 -0.6507288703918417 -5.692992598988780E-02 2.544000431423761E-02
 -0.9555225578484426 0.1314429324147041 0.2640064335598530 2.544000431423761E-02
 -0.2235574876433586 0.3209363595497408 -0.9203379286096760 2.544000431423761E-02
 -0.2235574876433586 -0.3209363595497408 0.9203379286096760 2.544000431423761E-02
 0.5336154917776874 -0.7888949961949718 0.3047936874566010 2.544000431423761E-02
 0.2235574876433586 -0.3209363595497408 -0.9203379286096760 2.544000431423761E-02
 -0.1314429324147041 -0.2640064335598530 -0.9555225578484426 2.544000431423761E-02
 0.2696090582178344 -0.6257300470063418 -0.7319650702050841 2.544000431423761E-02
 -0.6507288703918417 -5.692992598988780E-02 -0.7571729794210460 2.544000431423761E-02
 0.2640064335598530 0.9555225578484426 -0.1314429324147041 2.544000431423761E-02
 -0.3047936874566010 -0.5336154917776874 -0.7888949961949718 2.544000431423761E-02
 -0.6257300470063418 0.7319650702050841 -0.2696090582178344 2.544000431423761E-02
 -5.692992598988780E-02 -0.7571729794210460 -0.6507288703918417 2.544000431423761E-02
 0.7888949961949718 0.3047936874566010 -0.5336154917776874 2.544000431423761E-02
 0.3209363595497408 0.9203379286096760 0.2235574876433586 2.544000431423761E-02
 -0.9203379286096760 0.2235574876433586 -0.3209363595497408 2.544000431423761E-02
 -0.7571729794210460 0.6507288703918417 5.692992598988780E-02 2.544000431423761E-02
 0.7319650702050841 -0.2696090582178344 -0.6257300470063418 2.544000431423761E-02
 0.3209363595497408 -0.9203379286096760 -0.2235574876433586 2.544000431423761E-02
 0.9203379286096760 0.2235574876433586 0.3209363595497408 2.544000431423761E-02
 0.2235574876433586 0.3209363595497408 0.9203379286096760 2.544000431423761E-02
 0.2696090582178344 0.6257300470063418 0.7319650702050841 2.544000431423761E-02
 0.7888949961949718 -0.3047936874566010 0.5336154917776874 2.544000431423761E-02
 -0.6507288703918417 5.692992598988780E-02 0.7571729794210460 2.544000431423761E-02
 -0.1314429324147041 0.2640064335598530 0.9555225578484426 2.544000431423761E-02
 -0.2640064335598530 0.9555225578484426 0.1314429324147041 2.544000431423761E-02
 0.6257300470063418 0.7319650702050841 0.2696090582178344 2.544000431423761E-02
 0.9555225578484426 -0.1314429324147041 0.2640064335598530 2.544000431423761E-02
 -0.7319650702050841 -0.2696090582178344 0.6257300470063418 2.544000431423761E-02
 0.7571729794210460 0.6507288703918417 -5.692992598988780E-02 2.544000431423761E-02
 -0.5336154917776874 0.7888949961949718 0.3047936874566010 2.544000431423761E-02
 0.6507288703918417 5.692992598988780E-02 -0.7571729794210460 2.544000431423761E-02
 -0.7888949961949718 -0.3047936874566010 -0.5336154917776874 2.544000431423761E-02
 -5.692992598988780E-02 0.7571729794210460 0.6507288703918417 2.544000431423761E-02
 0.2640064335598530 -0.9555225578484426 0.1314429324147041 2.544000431423761E-02
 -0.7319650702050841 0.2696090582178344 -0.6257300470063418 2.544000431423761E-02
 0.9555225578484426 0.1314429324147041 -0.2640064335598530 2.544000431423761E-02
 -0.2696090582178344 0.6257300470063418 -0.7319650702050841 2.544000431423761E-02
 0.1314429324147041 0.2640064335598530 -0.9555225578484426 2.544000431423761E-02
 -0.3047936874566010 0.5336154917776874 0.7888949961949718 2.544000431423761E-02
 -0.6257300470063418 -0.7319650702050841 0.2696090582178344 2.544000431423761E-02
 -0.5336154917776874 -0.7888949961949718 -0.3047936874566010 2.544000431423761E-02
 0.7571729794210460 -0.6507288703918417 5.692992598988780E-02 2.544000431423761E-02
 5.692992598988780E-02 -0.7571729794210460 0.6507288703918417 2.544000431423761E-02
 0.3047936874566010 -0.5336154917776874 0.7888949961949718 2.544000431423761E-02
 -0.1971380547901371 -0.9218659417690008 0.3336162057813049 2.593196225205317E-02
 -0.9218659417690008 -0.3336162057813049 0.1971380547901371 2.593196225205317E-02
 0.5180781013677631 0.7235140846330537 -0.4562043952229836 2.593196225205317E-02
 -0.9735323254854117 -0.1983518571359472 -0.1135400898611903 2.593196225205317E-02
 -0.1971380547901371 0.9218659417690008 -0.3336162057813049 2.593196225205317E-02
 0.9218659417690008 -0.3336162057813049 -0.1971380547901371 2.593196225205317E-02
 0.6533424500131207 -0.6399161197041068 -0.4045380115065728 2.593196225205317E-02
 -0.1135400898611903 -0.9735323254854117 -0.1983518571359472 2.593196225205317E-02
 0.1983518571359472 -0.1135400898611903 0.9735323254854117 2.593196225205317E-02
 -0.4045380115065728 -0.6533424500131207 0.6399161197041068 2.593196225205317E-02
 -0.7235140846330537 0.4562043952229836 0.5180781013677631 2.593196225205317E-02
 0.5173279302624281 -8.359796492894686E-02 0.8516943071490679 2.593196225205317E-02
 0.4562043952229836 0.5180781013677631 -0.7235140846330537 2.593196225205317E-02
 8.359796492894686E-02 0.8516943071490679 -0.5173279302624281 2.593196225205317E-02
 0.6399161197041068 0.4045380115065728 0.6533424500131207 2.593196225205317E-02
 -0.8516943071490679 -0.5173279302624281 -8.359796492894686E-02 2.593196225205317E-02
 -0.9735323254854117 0.1983518571359472 0.1135400898611903 2.593196225205317E-02
 -0.3336162057813049 0.1971380547901371 -0.9218659417690008 2.593196225205317E-02
 -0.3336162057813049 -0.1971380547901371 0.9218659417690008 2.593196225205317E-02
 0.5180781013677631 -0.7235140846330537 0.4562043952229836 2.593196225205317E-02
 0.3336162057813049 -0.1971380547901371 -0.9218659417690008 2.593196225205317E-02
 -0.1983518571359472 -0.1135400898611903 -0.9735323254854117 2.593196225205317E-02
 0.4045380115065728 -0.6533424500131207 -0.6399161197041068 2.593196225205317E-02
 -0.5173279302624281 -8.359796492894686E-02 -0.8516943071490679 2.593196225205317E-02
 0.1135400898611903 0.9735323254854117 -0.1983518571359472 2.593196225205317E-02
 -0.4562043952229836 -0.5180781013677631 -0.7235140846330537 2.593196225205317E-02
 -0.6533424500131207 0.6399161197041068 -0.4045380115065728 2.593196225205317E-02
 -8.359796492894686E-02 -0.8516943071490679 -0.5173279302624281 2.593196225205317E-02
 0.7235140846330537 0.4562043952229836 -0.5180781013677631 2.593196225205317E-02
 0.1971380547901371 0.9218659417690008 0.3336162057813049 2.593196225205317E-02
 -0.9218659417690008 0.3336162057813049 -0.1971380547901371 2.593196225205317E-02
 -0.8516943071490679 0.5173279302624281 8.359796492894686E-02 2.593196225205317E-02
 0.6399161197041068 -0.4045380115065728 -0.6533424500131207 2.593196225205317E-02
 0.1971380547901371 -0.9218659417690008 -0.3336162057813049 2.593196225205317E-02
 0.9218659417690008 0.3336162057813049 0.1971380547901371 2.593196225205317E-02
 0.3336162057813049 0.1971380547901371 0.9218659417690008 2.593196225205317E-02
 0.4045380115065728 0.6533424500131207 0.6399161197041068 2.593196225205317E-02
 0.7235140846330537 -0.4562043952229836 0.5180781013677631 2.593196225205317E-02
 -0.5173279302624281 8.359796492894686E-02 0.8516943071490679 2.593196225205317E-02
 -0.1983518571359472 0.1135400898611903 0.9735323254854117 2.593196225205317E-02
 -0.1135400898611903 0.9735323254854117 0.1983518571359472 2.593196225205317E-02
 0.6533424500131207 0.6399161197041068 0.4045380115065728 2.593196225205317E-02
 0.9735323254854117 -0.1983518571359472 0.1135400898611903 2.593196225205317E-02
 -0.6399161197041068 -0.4045380115065728 0.6533424500131207 2.593196225205317E-02
 0.8516943071490679 0.5173279302624281 -8.359796492894686E-02 2.593196225205317E-02
 -0.5180781013677631 0.7235140846330537 0.4562043952229836 2.593196225205317E-02
 0.5173279302624281 8.359796492894686E-02 -0.8516943071490679 2.593196225205317E-02
 -0.7235140846330537 -0.4562043952229836 -0.5180781013677631 2.593196225205317E-02
 -8.359796492894686E-02 0.8516943071490679 0.5173279302624281 2.593196225205317E-02
 0.1135400898611903 -0.9735323254854117 0.1983518571359472 2.593196225205317E-02
 -0.6399161197041068 0.4045380115065728 -0.6533424500131207 2.593196225205317E-02
 0.9735323254854117 0.1983518571359472 -0.1135400898611903 2.593196225205317E-02
 -0.4045380115065728 0.6533424500131207 -0.6399161197041068 2.593196225205317E-02
 0.1983518571359472 0.1135400898611903 -0.9735323254854117 2.593196225205317E-02
 -0.4562043952229836 0.5180781013677631 0.7235140846330537 2.593196225205317E-02
 -0.6533424500131207 -0.6399161197041068 0.4045380115065728 2.593196225205317E-02
 -0.5180781013677631 -0.7235140846330537 -0.4562043952229836 2.593196225205317E-02
 0.8516943071490679 -0.5173279302624281 8.359796492894686E-02 2.593196225205317E-02
 8.359796492894686E-02 -0.8516943071490679 0.5173279302624281 2.593196225205317E-02
 0.4562043952229836 -0.5180781013677631 0.7235140846330537 2.593196225205317E-02
 -5.932250244813485E-02 -0.9005675122452192 0.4306495055050544 2.604814642802341E-02
 -0.9005675122452192 -0.4306495055050544 5.932250244813485E-02 2.604814642802341E-02
 0.4949180078305007 0.6313546845722294 -0.5970321832144304 2.604814642802341E-02
 -0.9622308361462012 -0.2692128276729899 4.045085148294771E-02 2.604814642802341E-02
 -5.932250244813485E-02 0.9005675122452192 -0.4306495055050544 2.604814642802341E-02
 0.9005675122452192 -0.4306495055050544 -5.932250244813485E-02 2.604814642802341E-02
 0.6563546856625652 -0.5315813306411469 -0.5353688593134484 2.604814642802341E-02
 4.045085148294771E-02 -0.9622308361462012 -0.2692128276729899 2.604814642802341E-02
 0.2692128276729899 4.045085148294771E-02 0.9622308361462012 2.604814642802341E-02
 -0.5353688593134484 -0.6563546856625652 0.5315813306411469 2.604814642802341E-02
 -0.6313546845722294 0.5970321832144304 0.4949180078305007 2.604814642802341E-02
 0.3651986529317709 -9.977335393108257E-02 0.9255675133355551 2.604814642802341E-02
 0.5970321832144304 0.4949180078305007 -0.6313546845722294 2.604814642802341E-02
 9.977335393108257E-02 0.9255675133355551 -0.3651986529317709 2.604814642802341E-02
 0.5315813306411469 0.5353688593134484 0.6563546856625652 2.604814642802341E-02
 -0.9255675133355551 -0.3651986529317709 -9.977335393108257E-02 2.604814642802341E-02
 -0.9622308361462012 0.2692128276729899 -4.045085148294771E-02 2.604814642802341E-02
 -0.4306495055050544 5.932250244813485E-02 -0.9005675122452192 2.604814642802341E-02
 -0.4306495055050544 -5.932250244813485E-02 0.9005675122452192 2.604814642802341E-02
 0.4949180078305007 -0.6313546845722294 0.5970321832144304 2.604814642802341E-02
 0.4306495055050544 -5.932250244813485E-02 -0.9005675122452192 2.604814642802341E-02
 -0.2692128276729899 4.045085148294771E-02 -0.9622308361462012 2.604814642802341E-02
 0.5353688593134484 -0.6563546856625652 -0.5315813306411469 2.604814642802341E-02
 -0.3651986529317709 -9.977335393108257E-02 -0.9255675133355551 2.604814642802341E-02
 -4.045085148294771E-02 0.9622308361462012 -0.2692128276729899 2.604814642802341E-02
 -0.5970321832144304 -0.4949180078305007 -0.6313546845722294 2.604814642802341E-02
 -0.6563546856625652 0.5315813306411469 -0.5353688593134484 2.604814642802341E-02
 -9.977335393108257E-02 -0.9255675133355551 -0.3651986529317709 2.604814642802341E-02
 0.6313546845722294 0.5970321832144304 -0.4949180078305007 2.604814642802341E-02
 5.932250244813485E-02 0.9005675122452192 0.4306495055050544 2.604814642802341E-02
 -0.9005675122452192 0.4306495055050544 -5.932250244813485E-02 2.604814642802341E-02
 -0.9255675133355551 0.3651986529317709 9.977335393108257E-02 2.604814642802341E-02
 0.5315813306411469 -0.5353688593134484 -0.6563546856625652 2.604814642802341E-02
 5.932250244813485E-02 -0.9005675122452192 -0.4306495055050544 2.604814642802341E-02
 0.9005675122452192 0.4306495055050544 5.932250244813485E-02 2.604814642802341E-02
 0.4306495055050544 5.932250244813485E-02 0.9005675122452192 2.604814642802341E-02
 0.5353688593134484 0.6563546856625652 0.5315813306411469 2.604814642802341E-02
 0.6313546845722294 -0.5970321832144304 0.4949180078305007 2.604814642802341E-02
 -0.3651986529317709 9.977335393108257E-02 0.9255675133355551 2.604814642802341E-02
 -0.2692128276729899 -4.045085148294771E-02 0.9622308361462012 2.604814642802341E-02
 4.045085148294771E-02 0.9622308361462012 0.2692128276729899 2.604814642802341E-02
 0.6563546856625652 0.5315813306411469 0.5353688593134484 2.604814642802341E-02
 0.9622308361462012 -0.2692128276729899 -4.045085148294771E-02 2.604814642802341E-02
 -0.5315813306411469 -0.5353688593134484 0.6563546856625652 2.604814642802341E-02
 0.9255675133355551 0.3651986529317709 -9.977335393108257E-02 2.604814642802341E-02
 -0.4949180078305007 0.6313546845722294 0.5970321832144304 2.604814642802341E-02
 0.3651986529317709 9.977335393108257E-02 -0.9255675133355551 2.604814642802341E-02
 -0.6313546845722294 -0.5970321832144304 -0.4949180078305007 2.604814642802341E-02
 -9.977335393108257E-02 0.9255675133355551 0.3651986529317709 2.604814642802341E-02
 -4.045085148294771E-02 -0.9622308361462012 0.2692128276729899 2.604814642802341E-02
 -0.5315813306411469 0.5353688593134484 -0.6563546856625652 2.604814642802341E-02
 0.9622308361462012 0.2692128276729899 4.045085148294771E-02 2.604814642802341E-02
 -0.5353688593134484 0.6563546856625652 -0.5315813306411469 2.604814642802341E-02
 0.2692128276729899 -4.045085148294771E-02 -0.9622308361462012 2.604814642802341E-02
 -0.5970321832144304 0.4949180078305007 0.6313546845722294 2.604814642802341E-02
 -0.6563546856625652 -0.5315813306411469 0.5353688593134484 2.604814642802341E-02
 -0.4949180078305007 -0.6313546845722294 -0.5970321832144304 2.604814642802341E-02
 0.9255675133355551 -0.3651986529317709 9.977335393108257E-02 2.604814642802341E-02
 9.977335393108257E-02 -0.9255675133355551 0.3651986529317709 2.604814642802341E-02
 0.5970321832144304 -0.4949180078305007 0.6313546845722294 2.604814642802341E-02
 -0.3606325708922598 -0.8539143380430294 0.3751992165452562 2.616542914488613E-02
 -0.8539143380430294 -0.3751992165452562 0.3606325708922598 2.616542914488613E-02
 0.3917900098137801 0.8346579817871310 -0.3871002992108781 2.616542914488613E-02
 -0.9898724126207089 -1.925635625589845E-02 -0.1406477851805815 2.616542914488613E-02
 -0.3606325708922598 0.8539143380430294 -0.3751992165452562 2.616542914488613E-02
 0.8539143380430294 -0.3751992165452562 -0.3606325708922598 2.616542914488613E-02
 0.7477328701031379 -0.6146731960754527 -0.2511422246331987 2.616542914488613E-02
 -0.1406477851805815 -0.9898724126207089 -1.925635625589845E-02 2.616542914488613E-02
 1.925635625589845E-02 -0.1406477851805815 0.9898724126207089 2.616542914488613E-02
 -0.2511422246331987 -0.7477328701031379 0.6146731960754527 2.616542914488613E-02
 -0.8346579817871310 0.3871002992108781 0.3917900098137801 2.616542914488613E-02
 0.6027721134098307 -0.2199847857116783 0.7669892263590363 2.616542914488613E-02
 0.3871002992108781 0.3917900098137801 -0.8346579817871310 2.616542914488613E-02
 0.2199847857116783 0.7669892263590363 -0.6027721134098307 2.616542914488613E-02
 0.6146731960754527 0.2511422246331987 0.7477328701031379 2.616542914488613E-02
 -0.7669892263590363 -0.6027721134098307 -0.2199847857116783 2.616542914488613E-02
 -0.9898724126207089 1.925635625589845E-02 0.1406477851805815 2.616542914488613E-02
 -0.3751992165452562 0.3606325708922598 -0.8539143380430294 2.616542914488613E-02
 -0.3751992165452562 -0.3606325708922598 0.8539143380430294 2.616542914488613E-02
 0.3917900098137801 -0.8346579817871310 0.3871002992108781 2.616542914488613E-02
 0.3751992165452562 -0.3606325708922598 -0.8539143380430294 2.616542914488613E-02
 -1.925635625589845E-02 -0.1406477851805815 -0.9898724126207089 2.616542914488613E-02
 0.2511422246331987 -0.7477328701031379 -0.6146731960754527 2.616542914488613E-02
 -0.6027721134098307 -0.2199847857116783 -0.7669892263590363 2.616542914488613E-02
 0.1406477851805815 0.9898724126207089 -1.925635625589845E-02 2.616542914488613E-02
 -0.3871002992108781 -0.3917900098137801 -0.8346579817871310 2.616542914488613E-02
 -0.7477328701031379 0.6146731960754527 -0.2511422246331987 2.616542914488613E-02
 -0.2199847857116783 -0.7669892263590363 -0.6027721134098307 2.616542914488613E-02
 0.8346579817871310 0.3871002992108781 -0.3917900098137801 2.616542914488613E-02
 0.3606325708922598 0.8539143380430294 0.3751992165452562 2.616542914488613E-02
 -0.8539143380430294 0.3751992165452562 -0.3606325708922598 2.616542914488613E-02
 -0.7669892263590363 0.6027721134098307 0.2199847857116783 2.616542914488613E-02
 0.6146731960754527 -0.2511422246331987 -0.7477328701031379 2.616542914488613E-02
 0.3606325708922598 -0.8539143380430294 -0.3751992165452562 2.616542914488613E-02
 0.8539143380430294 0.3751992165452562 0.3606325708922598 2.616542914488613E-02
 0.3751992165452562 0.3606325708922598 0.8539143380430294 2.616542914488613E-02
 0.2511422246331987 0.7477328701031379 0.6146731960754527 2.616542914488613E-02
 0.8346579817871310 -0.3871002992108781 0.3917900098137801 2.616542914488613E-02
 -0.6027721134098307 0.2199847857116783 0.7669892263590363 2.616542914488613E-02
 -1.925635625589845E-02 0.1406477851805815 0.9898724126207089 2.616542914488613E-02
 -0.1406477851805815 0.9898724126207089 1.925635625589845E-02 2.616542914488613E-02
 0.7477328701031379 0.6146731960754527 0.2511422246331987 2.616542914488613E-02
 0.9898724126207089 -1.925635625589845E-02 0.1406477851805815 2.616542914488613E-02
 -0.6146731960754527 -0.2511422246331987 0.7477328701031379 2.616542914488613E-02
 0.7669892263590363 0.6027721134098307 -0.2199847857116783 2.616542914488613E-02
 -0.3917900098137801 0.8346579817871310 0.3871002992108781 2.616542914488613E-02
 0.6027721134098307 0.2199847857116783 -0.7669892263590363 2.616542914488613E-02
 -0.8346579817871310 -0.3871002992108781 -0.3917900098137801 2.616542914488613E-02
 -0.2199847857116783 0.7669892263590363 0.6027721134098307 2.616542914488613E-02
 0.1406477851805815 -0.9898724126207089 1.925635625589845E-02 2.616542914488613E-02
 -0.6146731960754527 0.2511422246331987 -0.7477328701031379 2.616542914488613E-02
 0.9898724126207089 1.925635625589845E-02 -0.1406477851805815 2.616542914488613E-02
 -0.2511422246331987 0.7477328701031379 -0.6146731960754527 2.616542914488613E-02
 1.925635625589845E-02 0.1406477851805815 -0.9898724126207089 2.616542914488613E-02
 -0.3871002992108781 0.3917900098137801 0.8346579817871310 2.616542914488613E-02
 -0.7477328701031379 -0.6146731960754527 0.2511422246331987 2.616542914488613E-02
 -0.3917900098137801 -0.8346579817871310 -0.3871002992108781 2.616542914488613E-02
 0.7669892263590363 -0.6027721134098307 0.2199847857116783 2.616542914488613E-02
 0.2199847857116783 -0.7669892263590363 0.6027721134098307 2.616542914488613E-02
 0.3871002992108781 -0.3917900098137801 0.8346579817871310 2.616542914488613E-02
 -0.2265566327194033 -0.8464797305613728 0.4818134057076361 2.633320545548116E-02
 -0.8464797305613728 -0.4818134057076361 0.2265566327194033 2.633320545548116E-02
 0.3738999348656002 0.7554165618203778 -0.5380935391128380 2.633320545548116E-02
 -0.9957330399705541 -9.106316874099502E-02 1.494029483805649E-02 2.633320545548116E-02
 -0.2265566327194033 0.8464797305613728 -0.4818134057076361 2.633320545548116E-02
 0.8464797305613728 -0.4818134057076361 -0.2265566327194033 2.633320545548116E-02
 0.7646501718322413 -0.5139196342629180 -0.3888402297036567 2.633320545548116E-02
 1.494029483805649E-02 -0.9957330399705541 -9.106316874099502E-02 2.633320545548116E-02
 9.106316874099502E-02 1.494029483805649E-02 0.9957330399705541 2.633320545548116E-02
 -0.3888402297036567 -0.7646501718322413 0.5139196342629180 2.633320545548116E-02
 -0.7554165618203778 0.5380935391128380 0.3738999348656002 2.633320545548116E-02
 0.4576395008577161 -0.2414969275574598 0.8557133405732363 2.633320545548116E-02
 0.5380935391128380 0.3738999348656002 -0.7554165618203778 2.633320545548116E-02
 0.2414969275574598 0.8557133405732363 -0.4576395008577161 2.633320545548116E-02
 0.5139196342629180 0.3888402297036567 0.7646501718322413 2.633320545548116E-02
 -0.8557133405732363 -0.4576395008577161 -0.2414969275574598 2.633320545548116E-02
 -0.9957330399705541 9.106316874099502E-02 -1.494029483805649E-02 2.633320545548116E-02
 -0.4818134057076361 0.2265566327194033 -0.8464797305613728 2.633320545548116E-02
 -0.4818134057076361 -0.2265566327194033 0.8464797305613728 2.633320545548116E-02
 0.3738999348656002 -0.7554165618203778 0.5380935391128380 2.633320545548116E-02
 0.4818134057076361 -0.2265566327194033 -0.8464797305613728 2.633320545548116E-02
 -9.106316874099502E-02 1.494029483805649E-02 -0.9957330399705541 2.633320545548116E-02
 0.3888402297036567 -0.7646501718322413 -0.5139196342629180 2.633320545548116E-02
 -0.4576395008577161 -0.2414969275574598 -0.8557133405732363 2.633320545548116E-02
 -1.494029483805649E-02 0.9957330399705541 -9.106316874099502E-02 2.633320545548116E-02
 -0.5380935391128380 -0.3738999348656002 -0.7554165618203778 2.633320545548116E-02
 -0.7646501718322413 0.5139196342629180 -0.3888402297036567 2.633320545548116E-02
 -0.2414969275574598 -0.8557133405732363 -0.4576395008577161 2.633320545548116E-02
 0.7554165618203778 0.5380935391128380 -0.3738999348656002 2.633320545548116E-02
 0.2265566327194033 0.8464797305613728 0.4818134057076361 2.633320545548116E-02
 -0.8464797305613728 0.4818134057076361 -0.2265566327194033 2.633320545548116E-02
 -0.8557133405732363 0.4576395008577161 0.2414969275574598 2.633320545548116E-02
 0.5139196342629180 -0.3888402297036567 -0.7646501718322413 2.633320545548116E-02
 0.2265566327194033 -0.8464797305613728 -0.4818134057076361 2.633320545548116E-02
 0.8464797305613728 0.4818134057076361 0.2265566327194033 2.633320545548116E-02
 0.4818134057076361 0.2265566327194033 0.8464797305613728 2.633320545548116E-02
 0.3888402297036567 0.7646501718322413 0.5139196342629180 2.633320545548116E-02
 0.7554165618203778 -0.5380935391128380 0.3738999348656002 2.633320545548116E-02
 -0.4576395008577161 0.2414969275574598 0.8557133405732363 2.633320545548116E-02
 -9.106316874099502E-02 -1.494029483805649E-02 0.9957330399705541 2.633320545548116E-02
 1.494029483805649E-02 0.9957330399705541 9.106316874099502E-02 2.633320545548116E-02
 0.7646501718322413 0.5139196342629180 0.3888402297036567 2.633320545548116E-02
 0.9957330399705541 -9.106316874099502E-02 -1.494029483805649E-02 2.633320545548116E-02
 -0.5139196342629180 -0.3888402297036567 0.7646501718322413 2.633320545548116E-02
 0.8557133405732363 0.4576395008577161 -0.2414969275574598 2.633320545548116E-02
 -0.3738999348656002 0.7554165618203778 0.5380935391128380 2.633320545548116E-02
 0.4576395008577161 0.2414969275574598 -0.8557133405732363 2.633320545548116E-02
 -0.7554165618203778 -0.5380935391128380 -0.3738999348656002 2.633320545548116E-02
 -0.2414969275574598 0.8557133405732363 0.4576395008577161 2.633320545548116E-02
 -1.494029483805649E-02 -0.9957330399705541 9.106316874099502E-02 2.633320545548116E-02
 -0.5139196342629180 0.3888402297036567 -0.7646501718322413 2.633320545548116E-02
 0.9957330399705541 9.106316874099502E-02 1.494029483805649E-02 2.633320545548116E-02
 -0.3888402297036567 0.7646501718322413 -0.5139196342629180 2.633320545548116E-02
 9.106316874099502E-02 -1.494029483805649E-02 -0.9957330399705541 2.633320545548116E-02
 -0.5380935391128380 0.3738999348656002 0.7554165618203778 2.633320545548116E-02
 -0.7646501718322413 -0.5139196342629180 0.3888402297036567 2.633320545548116E-02
 -0.3738999348656002 -0.7554165618203778 -0.5380935391128380 2.633320545548116E-02
 0.8557133405732363 -0.4576395008577161 0.2414969275574598 2.633320545548116E-02
 0.2414969275574598 -0.8557133405732363 0.4576395008577161 2.633320545548116E-02
 0.5380935391128380 -0.3738999348656002 0.7554165618203778 2.633320545548116E-02
 -8.422270121390207E-02 -0.8156305850566331 0.5724100674520043 2.614018027510064E-02
 -0.8156305850566331 -0.5724100674520043 8.422270121390207E-02 2.614018027510064E-02
 0.3476277247295358 0.6528373277165062 -0.6730218336275111 2.614018027510064E-02
 -0.9720902841560587 -0.1627932573401270 0.1689344097985497 2.614018027510064E-02
 -8.422270121390207E-02 0.8156305850566331 -0.5724100674520043 2.614018027510064E-02
 0.8156305850566331 -0.5724100674520043 -8.422270121390207E-02 2.614018027510064E-02
 0.7572445348414132 -0.3996802167040543 -0.5165621345280855 2.614018027510064E-02
 0.1689344097985497 -0.9720902841560587 -0.1627932573401270 2.614018027510064E-02
 0.1627932573401270 0.1689344097985497 0.9720902841560587 2.614018027510064E-02
 -0.5165621345280855 -0.7572445348414132 0.3996802167040543 2.614018027510064E-02
 -0.6528373277165062 0.6730218336275111 0.3476277247295358 2.614018027510064E-02
 0.2990684505285476 -0.2531571110124518 0.9200377921815401 2.614018027510064E-02
 0.6730218336275111 0.3476277247295358 -0.6528373277165062 2.614018027510064E-02
 0.2531571110124518 0.9200377921815401 -0.2990684505285476 2.614018027510064E-02
 0.3996802167040543 0.5165621345280855 0.7572445348414132 2.614018027510064E-02
 -0.9200377921815401 -0.2990684505285476 -0.2531571110124518 2.614018027510064E-02
 -0.9720902841560587 0.1627932573401270 -0.1689344097985497 2.614018027510064E-02
 -0.5724100674520043 8.422270121390207E-02 -0.8156305850566331 2.614018027510064E-02
 -0.5724100674520043 -8.422270121390207E-02 0.8156305850566331 2.614018027510064E-02
 0.3476277247295358 -0.6528373277165062 0.6730218336275111 2.614018027510064E-02
 0.5724100674520043 -8.422270121390207E-02 -0.8156305850566331 2.614018027510064E-02
 -0.1627932573401270 0.1689344097985497 -0.9720902841560587 2.614018027510064E-02
 0.5165621345280855 -0.7572445348414132 -0.3996802167040543 2.614018027510064E-02
 -0.2990684505285476 -0.2531571110124518 -0.9200377921815401 2.614018027510064E-02
 -0.1689344097985497 0.9720902841560587 -0.1627932573401270 2.614018027510064E-02
 -0.6730218336275111 -0.3476277247295358 -0.6528373277165062 2.614018027510064E-02
 -0.7572445348414132 0.3996802167040543 -0.5165621345280855 2.614018027510064E-02
 -0.2531571110124518 -0.9200377921815401 -0.2990684505285476 2.614018027510064E-02
 0.6528373277165062 0.6730218336275111 -0.3476277247295358 2.614018027510064E-02
 8.422270121390207E-02 0.8156305850566331 0.5724100674520043 2.614018027510064E-02
 -0.8156305850566331 0.5724100674520043 -8.422270121390207E-02 2.614018027510064E-02
 -0.9200377921815401 0.2990684505285476 0.2531571110124518 2.614018027510064E-02
 0.3996802167040543 -0.5165621345280855 -0.7572445348414132 2.614018027510064E-02
 8.422270121390207E-02 -0.8156305850566331 -0.5724100674520043 2.614018027510064E-02
 0.8156305850566331 0.5724100674520043 8.422270121390207E-02 2.614018027510064E-02
 0.5724100674520043 8.422270121390207E-02 0.8156305850566331 2.614018027510064E-02
 0.5165621345280855 0.7572445348414132 0.3996802167040543 2.614018027510064E-02
 0.6528373277165062 -0.6730218336275111 0.3476277247295358 2.614018027510064E-02
 -0.2990684505285476 0.2531571110124518 0.9200377921815401 2.614018027510064E-02
 -0.1627932573401270 -0.1689344097985497 0.9720902841560587 2.614018027510064E-02
 0.1689344097985497 0.9720902841560587 0.1627932573401270 2.614018027510064E-02
 0.7572445348414132 0.3996802167040543 0.5165621345280855 2.614018027510064E-02
 0.9720902841560587 -0.1627932573401270 -0.1689344097985497 2.614018027510064E-02
 -0.3996802167040543 -0.5165621345280855 0.7572445348414132 2.614018027510064E-02
 0.9200377921815401 0.2990684505285476 -0.2531571110124518 2.614018027510064E-02
 -0.3476277247295358 0.6528373277165062 0.6730218336275111 2.614018027510064E-02
 0.2990684505285476 0.2531571110124518 -0.9200377921815401 2.614018027510064E-02
 -0.6528373277165062 -0.6730218336275111 -0.3476277247295358 2.614018027510064E-02
 -0.2531571110124518 0.9200377921815401 0.2990684505285476 2.614018027510064E-02
 -0.1689344097985497 -0.9720902841560587 0.1627932573401270 2.614018027510064E-02
 -0.3996802167040543 0.5165621345280855 -0.7572445348414132 2.614018027510064E-02
 0.9720902841560587 0.1627932573401270 0.1689344097985497 2.614018027510064E-02
 -0.5165621345280855 0.7572445348414132 -0.3996802167040543 2.614018027510064E-02
 0.1627932573401270 -0.1689344097985497 -0.9720902841560587 2.614018027510064E-02
 -0.6730218336275111 0.3476277247295358 0.6528373277165062 2.614018027510064E-02
 -0.7572445348414132 -0.3996802167040543 0.5165621345280855 2.614018027510064E-02
 -0.3476277247295358 -0.6528373277165062 -0.6730218336275111 2.614018027510064E-02
 0.9200377921815401 -0.2990684505285476 0.2531571110124518 2.614018027510064E-02
 0.2531571110124518 -0.9200377921815401 0.2990684505285476 2.614018027510064E-02
 0.6730218336275111 -0.3476277247295358 0.6528373277165062 2.614018027510064E-02
 -0.1108503415586511 -0.7081433764249674 0.6973128137369752 2.557347614008337E-02
 -0.7081433764249674 -0.6973128137369752 0.1108503415586511 2.557347614008337E-02
 0.1899889797394758 0.6592330082058375 -0.7275410836986700 2.557347614008337E-02
 -0.9558110722242323 -4.891036821912981E-02 0.2898844081599292 2.557347614008337E-02
 -0.1108503415586511 0.7081433764249674 -0.6973128137369752 2.557347614008337E-02
 0.7081433764249674 -0.6973128137369752 -0.1108503415586511 2.557347614008337E-02
 0.8383914252573211 -0.2584982584872572 -0.4798733878994050 2.557347614008337E-02
 0.2898844081599292 -0.9558110722242323 -4.891036821912981E-02 2.557347614008337E-02
 4.891036821912981E-02 0.2898844081599292 0.9558110722242323 2.557347614008337E-02
 -0.4798733878994050 -0.8383914252573211 0.2584982584872572 2.557347614008337E-02
 -0.6592330082058375 0.7275410836986700 0.1899889797394758 2.557347614008337E-02
 0.2282699885255623 -0.4007347497185803 0.8873017934764510 2.557347614008337E-02
 0.7275410836986700 0.1899889797394758 -0.6592330082058375 2.557347614008337E-02
 0.4007347497185803 0.8873017934764510 -0.2282699885255623 2.557347614008337E-02
 0.2584982584872572 0.4798733878994050 0.8383914252573211 2.557347614008337E-02
 -0.8873017934764510 -0.2282699885255623 -0.4007347497185803 2.557347614008337E-02
 -0.9558110722242323 4.891036821912981E-02 -0.2898844081599292 2.557347614008337E-02
 -0.6973128137369752 0.1108503415586511 -0.7081433764249674 2.557347614008337E-02
 -0.6973128137369752 -0.1108503415586511 0.7081433764249674 2.557347614008337E-02
 0.1899889797394758 -0.6592330082058375 0.7275410836986700 2.557347614008337E-02
 0.6973128137369752 -0.1108503415586511 -0.7081433764249674 2.557347614008337E-02
 -4.891036821912981E-02 0.2898844081599292 -0.9558110722242323 2.557347614008337E-02
 0.4798733878994050 -0.8383914252573211 -0.2584982584872572 2.557347614008337E-02
 -0.2282699885255623 -0.4007347497185803 -0.8873017934764510 2.557347614008337E-02
 -0.2898844081599292 0.9558110722242323 -4.891036821912981E-02 2.557347614008337E-02
 -0.7275410836986700 -0.1899889797394758 -0.6592330082058375 2.557347614008337E-02
 -0.8383914252573211 0.2584982584872572 -0.4798733878994050 2.557347614008337E-02
 -0.4007347497185803 -0.8873017934764510 -0.2282699885255623 2.557347614008337E-02
 0.6592330082058375 0.7275410836986700 -0.1899889797394758 2.557347614008337E-02
 0.1108503415586511 0.7081433764249674 0.6973128137369752 2.557347614008337E-02
 -0.7081433764249674 0.6973128137369752 -0.1108503415586511 2.557347614008337E-02
 -0.8873017934764510 0.2282699885255623 0.4007347497185803 2.557347614008337E-02
 0.2584982584872572 -0.4798733878994050 -0.8383914252573211 2.557347614008337E-02
 0.1108503415586511 -0.7081433764249674 -0.6973128137369752 2.557347614008337E-02
 0.7081433764249674 0.6973128137369752 0.1108503415586511 2.557347614008337E-02
 0.6973128137369752 0.1108503415586511 0.7081433764249674 2.557347614008337E-02
 0.4798733878994050 0.8383914252573211 0.2584982584872572 2.557347614008337E-02
 0.6592330082058375 -0.7275410836986700 0.1899889797394758 2.557347614008337E-02
 -0.2282699885255623 0.4007347497185803 0.8873017934764510 2.557347614008337E-02
 -4.891036821912981E-02 -0.2898844081599292 0.9558110722242323 2.557347614008337E-02
 0.2898844081599292 0.9558110722242323 4.891036821912981E-02 2.557347614008337E-02
 0.8383914252573211 0.2584982584872572 0.4798733878994050 2.557347614008337E-02
 0.9558110722242323 -4.891036821912981E-02 -0.2898844081599292 2.557347614008337E-02
 -0.2584982584872572 -0.4798733878994050 0.8383914252573211 2.557347614008337E-02
 0.8873017934764510 0.2282699885255623 -0.4007347497185803 2.557347614008337E-02
 -0.1899889797394758 0.6592330082058375 0.7275410836986700 2.557347614008337E-02
 0.2282699885255623 0.4007347497185803 -0.8873017934764510 2.557347614008337E-02
 -0.6592330082058375 -0.7275410836986700 -0.1899889797394758 2.557347614008337E-02
 -0.4007347497185803 0.8873017934764510 0.2282699885255623 2.557347614008337E-02
 -0.2898844081599292 -0.9558110722242323 4.891036821912981E-02 2.557347614008337E-02
 -0.2584982584872572 0.4798733878994050 -0.8383914252573211 2.557347614008337E-02
 0.9558110722242323 4.891036821912981E-02 0.2898844081599292 2.557347614008337E-02
 -0.4798733878994050 0.8383914252573211 -0.2584982584872572 2.557347614008337E-02
 4.891036821912981E-02 -0.2898844081599292 -0.9558110722242323 2.557347614008337E-02
 -0.7275410836986700 0.1899889797394758 0.6592330082058375 2.557347614008337E-02
 -0.8383914252573211 -0.2584982584872572 0.4798733878994050 2.557347614008337E-02
 -0.1899889797394758 -0.6592330082058375 -0.7275410836986700 2.557347614008337E-02
 0.8873017934764510 -0.2282699885255623 0.4007347497185803 2.557347614008337E-02
 0.4007347497185803 -0.8873017934764510 0.2282699885255623 2.557347614008337E-02
 0.7275410836986700 -0.1899889797394758 0.6592330082058375 2.557347614008337E-02
