 312
 0.000000000000000E+00 -0.5257311121191336 0.8506508083520399 2.813502306812548E-02
 0.000000000000000E+00 -0.5257311121191336 -0.8506508083520399 2.813502306812548E-02
 0.8506508083520399 0.000000000000000E+00 -0.5257311121191336 2.813502306812548E-02
 0.8506508083520399 0.000000000000000E+00 0.5257311121191336 2.813502306812548E-02
 -0.5257311121191336 0.8506508083520399 0.000000000000000E+00 2.813502306812548E-02
 -0.5257311121191336 -0.8506508083520399 0.000000000000000E+00 2.813502306812548E-02
 0.000000000000000E+00 0.5257311121191336 -0.8506508083520399 2.813502306812548E-02
 0.000000000000000E+00 0.5257311121191336 0.8506508083520399 2.813502306812548E-02
 -0.8506508083520399 0.000000000000000E+00 0.5257311121191336 2.813502306812548E-02
 -0.8506508083520399 0.000000000000000E+00 -0.5257311121191336 2.813502306812548E-02
 0.5257311121191336 -0.8506508083520399 0.000000000000000E+00 2.813502306812548E-02
 0.5257311121191336 0.8506508083520399 0.000000000000000E+00 2.813502306812548E-02
 -0.1198320234711221 -0.9421189258835424 0.3131329041203700 4.282621292214887E-02
 -0.9421189258835424 -0.3131329041203700 0.1198320234711221 4.282621292214887E-02
 0.5685936379789579 0.6647689952714219 -0.4845445880160854 4.282621292214887E-02
 -0.9557868055451566 -0.2773499306121205 -9.771692962448680E-02 4.282621292214887E-02
 -0.1198320234711221 0.9421189258835424 -0.3131329041203700 4.282621292214887E-02
 0.9421189258835424 -0.3131329041203700 -0.1198320234711221 4.282621292214887E-02
 0.6043766114872076 -0.6426539014247866 -0.4708767083544712 4.282621292214887E-02
 -9.771692962448680E-02 -0.9557868055451566 -0.2773499306121205 4.282621292214887E-02
 0.2773499306121205 -9.771692962448680E-02 0.9557868055451566 4.282621292214887E-02
 -0.4708767083544712 -0.6043766114872076 0.6426539014247866 4.282621292214887E-02
 -0.6647689952714219 0.4845445880160854 0.5685936379789579 4.282621292214887E-02
 0.4712422175290712 -2.211509384663531E-02 0.8817265420993280 4.282621292214887E-02
 0.4845445880160854 0.5685936379789579 -0.6647689952714219 4.282621292214887E-02
 2.211509384663531E-02 0.8817265420993280 -0.4712422175290712 4.282621292214887E-02
 0.6426539014247866 0.4708767083544712 0.6043766114872076 4.282621292214887E-02
 -0.8817265420993280 -0.4712422175290712 -2.211509384663531E-02 4.282621292214887E-02
 -0.9557868055451566 0.2773499306121205 9.771692962448680E-02 4.282621292214887E-02
 -0.3131329041203700 0.1198320234711221 -0.9421189258835424 4.282621292214887E-02
 -0.3131329041203700 -0.1198320234711221 0.9421189258835424 4.282621292214887E-02
 0.5685936379789579 -0.6647689952714219 0.4845445880160854 4.282621292214887E-02
 0.3131329041203700 -0.1198320234711221 -0.9421189258835424 4.282621292214887E-02
 -0.2773499306121205 -9.771692962448680E-02 -0.9557868055451566 4.282621292214887E-02
 0.4708767083544712 -0.6043766114872076 -0.6426539014247866 4.282621292214887E-02
 -0.4712422175290712 -2.211509384663531E-02 -0.8817265420993280 4.282621292214887E-02
 9.771692962448680E-02 0.9557868055451566 -0.2773499306121205 4.282621292214887E-02
 -0.4845445880160854 -0.5685936379789579 -0.6647689952714219 4.282621292214887E-02
 -0.6043766114872076 0.6426539014247866 -0.4708767083544712 4.282621292214887E-02
 -2.211509384663531E-02 -0.8817265420993280 -0.4712422175290712 4.282621292214887E-02
 0.6647689952714219 0.4845445880160854 -0.5685936379789579 4.282621292214887E-02
 0.1198320234711221 0.9421189258835424 0.3131329041203700 4.282621292214887E-02
 -0.9421189258835424 0.3131329041203700 -0.1198320234711221 4.282621292214887E-02
 -0.8817265420993280 0.4712422175290712 2.211509384663531E-02 4.282621292214887E-02
 0.6426539014247866 -0.4708767083544712 -0.6043766114872076 4.282621292214887E-02
 0.1198320234711221 -0.9421189258835424 -0.3131329041203700 4.282621292214887E-02
 0.9421189258835424 0.3131329041203700 0.1198320234711221 4.282621292214887E-02
 0.3131329041203700 0.1198320234711221 0.9421189258835424 4.282621292214887E-02
 0.4708767083544712 0.6043766114872076 0.6426539014247866 4.282621292214887E-02
 0.6647689952714219 -0.4845445880160854 0.5685936379789579 4.282621292214887E-02
 -0.4712422175290712 2.211509384663531E-02 0.8817265420993280 4.282621292214887E-02
 -0.2773499306121205 9.771692962448680E-02 0.9557868055451566 4.282621292214887E-02
 -9.771692962448680E-02 0.9557868055451566 0.2773499306121205 4.282621292214887E-02
 0.6043766114872076 0.6426539014247866 0.4708767083544712 4.282621292214887E-02
 0.9557868055451566 -0.2773499306121205 9.771692962448680E-02 4.282621292214887E-02
 -0.6426539014247866 -0.4708767083544712 0.6043766114872076 4.282621292214887E-02
 0.8817265420993280 0.4712422175290712 -2.211509384663531E-02 4.282621292214887E-02
 -0.5685936379789579 0.6647689952714219 0.4845445880160854 4.282621292214887E-02
 0.4712422175290712 2.211509384663531E-02 -0.8817265420993280 4.282621292214887E-02
 -0.6647689952714219 -0.4845445880160854 -0.5685936379789579 4.282621292214887E-02
 -2.211509384663531E-02 0.8817265420993280 0.4712422175290712 4.282621292214887E-02
 9.771692962448680E-02 -0.9557868055451566 0.2773499306121205 4.282621292214887E-02
 -0.6426539014247866 0.4708767083544712 -0.6043766114872076 4.282621292214887E-02
 0.9557868055451566 0.2773499306121205 -9.771692962448680E-02 4.282621292214887E-02
 -0.4708767083544712 0.6043766114872076 -0.6426539014247866 4.282621292214887E-02
 0.2773499306121205 9.771692962448680E-02 -0.9557868055451566 4.282621292214887E-02
 -0.4845445880160854 0.5685936379789579 0.6647689952714219 4.282621292214887E-02
 -0.6043766114872076 -0.6426539014247866 0.4708767083544712 4.282621292214887E-02
 -0.5685936379789579 -0.6647689952714219 -0.4845445880160854 4.282621292214887E-02
 0.8817265420993280 -0.4712422175290712 2.211509384663531E-02 4.282621292214887E-02
 2.211509384663531E-02 -0.8817265420993280 0.4712422175290712 4.282621292214887E-02
 0.4845445880160854 -0.5685936379789579 0.6647689952714219 4.282621292214887E-02
 -0.4441703318339582 -0.8810843296072705 0.1624903702962676 3.661015067568302E-02
 -0.8810843296072705 -0.1624903702962676 0.4441703318339582 3.661015067568302E-02
 0.4943108300477528 0.8500957974982920 -0.1816423364010838 3.661015067568302E-02
 -0.9313135622117261 -3.098853210897846E-02 -0.3628977262511247 3.661015067568302E-02
 -0.4441703318339582 0.8810843296072705 -0.1624903702962676 3.661015067568302E-02
 0.8810843296072705 -0.1624903702962676 -0.4441703318339582 3.661015067568302E-02
 0.6258126682350420 -0.7688231919154584 -0.1314131037966282 3.661015067568302E-02
 -0.3628977262511247 -0.9313135622117261 -3.098853210897846E-02 3.661015067568302E-02
 3.098853210897846E-02 -0.3628977262511247 0.9313135622117261 3.661015067568302E-02
 -0.1314131037966282 -0.6258126682350420 0.7688231919154584 3.661015067568302E-02
 -0.8500957974982920 0.1816423364010838 0.4943108300477528 3.661015067568302E-02
 0.7496712258106423 -8.127260558283357E-02 0.6568012003440205 3.661015067568302E-02
 0.1816423364010838 0.4943108300477528 -0.8500957974982920 3.661015067568302E-02
 8.127260558283357E-02 0.6568012003440205 -0.7496712258106423 3.661015067568302E-02
 0.7688231919154584 0.1314131037966282 0.6258126682350420 3.661015067568302E-02
 -0.6568012003440205 -0.7496712258106423 -8.127260558283357E-02 3.661015067568302E-02
 -0.9313135622117261 3.098853210897846E-02 0.3628977262511247 3.661015067568302E-02
 -0.1624903702962676 0.4441703318339582 -0.8810843296072705 3.661015067568302E-02
 -0.1624903702962676 -0.4441703318339582 0.8810843296072705 3.661015067568302E-02
 0.4943108300477528 -0.8500957974982920 0.1816423364010838 3.661015067568302E-02
 0.1624903702962676 -0.4441703318339582 -0.8810843296072705 3.661015067568302E-02
 -3.098853210897846E-02 -0.3628977262511247 -0.9313135622117261 3.661015067568302E-02
 0.1314131037966282 -0.6258126682350420 -0.7688231919154584 3.661015067568302E-02
 -0.7496712258106423 -8.127260558283357E-02 -0.6568012003440205 3.661015067568302E-02
 0.3628977262511247 0.9313135622117261 -3.098853210897846E-02 3.661015067568302E-02
 -0.1816423364010838 -0.4943108300477528 -0.8500957974982920 3.661015067568302E-02
 -0.6258126682350420 0.7688231919154584 -0.1314131037966282 3.661015067568302E-02
 -8.127260558283357E-02 -0.6568012003440205 -0.7496712258106423 3.661015067568302E-02
 0.8500957974982920 0.1816423364010838 -0.4943108300477528 3.661015067568302E-02
 0.4441703318339582 0.8810843296072705 0.1624903702962676 3.661015067568302E-02
 -0.8810843296072705 0.1624903702962676 -0.4441703318339582 3.661015067568302E-02
 -0.6568012003440205 0.7496712258106423 8.127260558283357E-02 3.661015067568302E-02
 0.7688231919154584 -0.1314131037966282 -0.6258126682350420 3.661015067568302E-02
 0.4441703318339582 -0.8810843296072705 -0.1624903702962676 3.661015067568302E-02
 0.8810843296072705 0.1624903702962676 0.4441703318339582 3.661015067568302E-02
 0.1624903702962676 0.4441703318339582 0.8810843296072705 3.661015067568302E-02
 0.1314131037966282 0.6258126682350420 0.7688231919154584 3.661015067568302E-02
 0.8500957974982920 -0.1816423364010838 0.4943108300477528 3.661015067568302E-02
 -0.7496712258106423 8.127260558283357E-02 0.6568012003440205 3.661015067568302E-02
 -3.098853210897846E-02 0.3628977262511247 0.9313135622117261 3.661015067568302E-02
 -0.3628977262511247 0.9313135622117261 3.098853210897846E-02 3.661015067568302E-02
 0.6258126682350420 0.7688231919154584 0.1314131037966282 3.661015067568302E-02
 0.9313135622117261 -3.098853210897846E-02 0.3628977262511247 3.661015067568302E-02
 -0.7688231919154584 -0.1314131037966282 0.6258126682350420 3.661015067568302E-02
 0.6568012003440205 0.7496712258106423 -8.127260558283357E-02 3.661015067568302E-02
 -0.4943108300477528 0.8500957974982920 0.1816423364010838 3.661015067568302E-02
 0.7496712258106423 8.127260558283357E-02 -0.6568012003440205 3.661015067568302E-02
 -0.8500957974982920 -0.1816423364010838 -0.4943108300477528 3.661015067568302E-02
 -8.127260558283357E-02 0.6568012003440205 0.7496712258106423 3.661015067568302E-02
 0.3628977262511247 -0.9313135622117261 3.098853210897846E-02 3.661015067568302E-02
 -0.7688231919154584 0.1314131037966282 -0.6258126682350420 3.661015067568302E-02
 0.9313135622117261 3.098853210897846E-02 -0.3628977262511247 3.661015067568302E-02
 -0.1314131037966282 0.6258126682350420 -0.7688231919154584 3.661015067568302E-02
 3.098853210897846E-02 0.3628977262511247 -0.9313135622117261 3.661015067568302E-02
 -0.1816423364010838 0.4943108300477528 0.8500957974982920 3.661015067568302E-02
 -0.6258126682350420 -0.7688231919154584 0.1314131037966282 3.661015067568302E-02
 -0.4943108300477528 -0.8500957974982920 -0.1816423364010838 3.661015067568302E-02
 0.6568012003440205 -0.7496712258106423 8.127260558283357E-02 3.661015067568302E-02
 8.127260558283357E-02 -0.6568012003440205 0.7496712258106423 3.661015067568302E-02
 0.1816423364010838 -0.4943108300477528 0.8500957974982920 3.661015067568302E-02
 -0.3329624689543710 -0.8818841615647580 0.3337908324820101 4.120748411075920E-02
 -0.8818841615647580 -0.3337908324820101 0.3329624689543710 4.120748411075920E-02
 0.4436727961390445 0.8134614164590084 -0.3760784145609339 4.120748411075920E-02
 -0.9832457514129376 -6.842274510574961E-02 -0.1689559714262902 4.120748411075920E-02
 -0.3329624689543710 0.8818841615647580 -0.3337908324820101 4.120748411075920E-02
 0.8818841615647580 -0.3337908324820101 -0.3329624689543710 4.120748411075920E-02
 0.7090408835153050 -0.6494549189309274 -0.2747168247127543 4.120748411075920E-02
 -0.1689559714262902 -0.9832457514129376 -6.842274510574961E-02 4.120748411075920E-02
 6.842274510574961E-02 -0.1689559714262902 0.9832457514129376 4.120748411075920E-02
 -0.2747168247127543 -0.7090408835153050 0.6494549189309274 4.120748411075920E-02
 -0.8134614164590084 0.3760784145609339 0.4436727961390445 4.120748411075920E-02
 0.6071673368520036 -0.1640064975280809 0.7774636286210546 4.120748411075920E-02
 0.3760784145609339 0.4436727961390445 -0.8134614164590084 4.120748411075920E-02
 0.1640064975280809 0.7774636286210546 -0.6071673368520036 4.120748411075920E-02
 0.6494549189309274 0.2747168247127543 0.7090408835153050 4.120748411075920E-02
 -0.7774636286210546 -0.6071673368520036 -0.1640064975280809 4.120748411075920E-02
 -0.9832457514129376 6.842274510574961E-02 0.1689559714262902 4.120748411075920E-02
 -0.3337908324820101 0.3329624689543710 -0.8818841615647580 4.120748411075920E-02
 -0.3337908324820101 -0.3329624689543710 0.8818841615647580 4.120748411075920E-02
 0.4436727961390445 -0.8134614164590084 0.3760784145609339 4.120748411075920E-02
 0.3337908324820101 -0.3329624689543710 -0.8818841615647580 4.120748411075920E-02
 -6.842274510574961E-02 -0.1689559714262902 -0.9832457514129376 4.120748411075920E-02
 0.2747168247127543 -0.7090408835153050 -0.6494549189309274 4.120748411075920E-02
 -0.6071673368520036 -0.1640064975280809 -0.7774636286210546 4.120748411075920E-02
 0.1689559714262902 0.9832457514129376 -6.842274510574961E-02 4.120748411075920E-02
 -0.3760784145609339 -0.4436727961390445 -0.8134614164590084 4.120748411075920E-02
 -0.7090408835153050 0.6494549189309274 -0.2747168247127543 4.120748411075920E-02
 -0.1640064975280809 -0.7774636286210546 -0.6071673368520036 4.120748411075920E-02
 0.8134614164590084 0.3760784145609339 -0.4436727961390445 4.120748411075920E-02
 0.3329624689543710 0.8818841615647580 0.3337908324820101 4.120748411075920E-02
 -0.8818841615647580 0.3337908324820101 -0.3329624689543710 4.120748411075920E-02
 -0.7774636286210546 0.6071673368520036 0.1640064975280809 4.120748411075920E-02
 0.6494549189309274 -0.2747168247127543 -0.7090408835153050 4.120748411075920E-02
 0.3329624689543710 -0.8818841615647580 -0.3337908324820101 4.120748411075920E-02
 0.8818841615647580 0.3337908324820101 0.3329624689543710 4.120748411075920E-02
 0.3337908324820101 0.3329624689543710 0.8818841615647580 4.120748411075920E-02
 0.2747168247127543 0.7090408835153050 0.6494549189309274 4.120748411075920E-02
 0.8134614164590084 -0.3760784145609339 0.4436727961390445 4.120748411075920E-02
 -0.6071673368520036 0.1640064975280809 0.7774636286210546 4.120748411075920E-02
 -6.842274510574961E-02 0.1689559714262902 0.9832457514129376 4.120748411075920E-02
 -0.1689559714262902 0.9832457514129376 6.842274510574961E-02 4.120748411075920E-02
 0.7090408835153050 0.6494549189309274 0.2747168247127543 4.120748411075920E-02
 0.9832457514129376 -6.842274510574961E-02 0.1689559714262902 4.120748411075920E-02
 -0.6494549189309274 -0.2747168247127543 0.7090408835153050 4.120748411075920E-02
 0.7774636286210546 0.6071673368520036 -0.1640064975280809 4.120748411075920E-02
 -0.4436727961390445 0.8134614164590084 0.3760784145609339 4.120748411075920E-02
 0.6071673368520036 0.1640064975280809 -0.7774636286210546 4.120748411075920E-02
 -0.8134614164590084 -0.3760784145609339 -0.4436727961390445 4.120748411075920E-02
 -0.1640064975280809 0.7774636286210546 0.6071673368520036 4.120748411075920E-02
 0.1689559714262902 -0.9832457514129376 6.842274510574961E-02 4.120748411075920E-02
 -0.6494549189309274 0.2747168247127543 -0.7090408835153050 4.120748411075920E-02
 0.9832457514129376 6.842274510574961E-02 -0.1689559714262902 4.120748411075920E-02
 -0.2747168247127543 0.7090408835153050 -0.6494549189309274 4.120748411075920E-02
 6.842274510574961E-02 0.1689559714262902 -0.9832457514129376 4.120748411075920E-02
 -0.3760784145609339 0.4436727961390445 0.8134614164590084 4.120748411075920E-02
 -0.7090408835153050 -0.6494549189309274 0.2747168247127543 4.120748411075920E-02
 -0.4436727961390445 -0.8134614164590084 -0.3760784145609339 4.120748411075920E-02
 0.7774636286210546 -0.6071673368520036 0.1640064975280809 4.120748411075920E-02
 0.1640064975280809 -0.7774636286210546 0.6071673368520036 4.120748411075920E-02
 0.3760784145609339 -0.4436727961390445 0.8134614164590084 4.120748411075920E-02
 -0.1997229438797850 -0.8447291057945583 0.4965314526910840 4.241582562232939E-02
 -0.8447291057945583 -0.4965314526910840 0.1997229438797850 4.241582562232939E-02
 0.3734166920599611 0.7373804657858443 -0.5628765608625460 4.241582562232939E-02
 -0.9933837124019400 -0.1073486400087140 4.080526219520324E-02 4.241582562232939E-02
 -0.1997229438797850 0.8447291057945583 -0.4965314526910840 4.241582562232939E-02
 0.8447291057945583 -0.4965314526910840 -0.1997229438797850 4.241582562232939E-02
 0.7625995047423311 -0.4968522597108561 -0.4142219542551643 4.241582562232939E-02
 4.080526219520324E-02 -0.9933837124019400 -0.1073486400087140 4.241582562232939E-02
 0.1073486400087140 4.080526219520324E-02 0.9933837124019400 4.241582562232939E-02
 -0.4142219542551643 -0.7625995047423311 0.4968522597108561 4.241582562232939E-02
 -0.7373804657858443 0.5628765608625460 0.3734166920599611 4.241582562232939E-02
 0.4305071515393940 -0.2405282060749882 0.8699481447510451 4.241582562232939E-02
 0.5628765608625460 0.3734166920599611 -0.7373804657858443 4.241582562232939E-02
 0.2405282060749882 0.8699481447510451 -0.4305071515393940 4.241582562232939E-02
 0.4968522597108561 0.4142219542551643 0.7625995047423311 4.241582562232939E-02
 -0.8699481447510451 -0.4305071515393940 -0.2405282060749882 4.241582562232939E-02
 -0.9933837124019400 0.1073486400087140 -4.080526219520324E-02 4.241582562232939E-02
 -0.4965314526910840 0.1997229438797850 -0.8447291057945583 4.241582562232939E-02
 -0.4965314526910840 -0.1997229438797850 0.8447291057945583 4.241582562232939E-02
 0.3734166920599611 -0.7373804657858443 0.5628765608625460 4.241582562232939E-02
 0.4965314526910840 -0.1997229438797850 -0.8447291057945583 4.241582562232939E-02
 -0.1073486400087140 4.080526219520324E-02 -0.9933837124019400 4.241582562232939E-02
 0.4142219542551643 -0.7625995047423311 -0.4968522597108561 4.241582562232939E-02
 -0.4305071515393940 -0.2405282060749882 -0.8699481447510451 4.241582562232939E-02
 -4.080526219520324E-02 0.9933837124019400 -0.1073486400087140 4.241582562232939E-02
 -0.5628765608625460 -0.3734166920599611 -0.7373804657858443 4.241582562232939E-02
 -0.7625995047423311 0.4968522597108561 -0.4142219542551643 4.241582562232939E-02
 -0.2405282060749882 -0.8699481447510451 -0.4305071515393940 4.241582562232939E-02
 0.7373804657858443 0.5628765608625460 -0.3734166920599611 4.241582562232939E-02
 0.1997229438797850 0.8447291057945583 0.4965314526910840 4.241582562232939E-02
 -0.8447291057945583 0.4965314526910840 -0.1997229438797850 4.241582562232939E-02
 -0.8699481447510451 0.4305071515393940 0.2405282060749882 4.241582562232939E-02
 0.4968522597108561 -0.4142219542551643 -0.7625995047423311 4.241582562232939E-02
 0.1997229438797850 -0.8447291057945583 -0.4965314526910840 4.241582562232939E-02
 0.8447291057945583 0.4965314526910840 0.1997229438797850 4.241582562232939E-02
 0.4965314526910840 0.1997229438797850 0.8447291057945583 4.241582562232939E-02
 0.4142219542551643 0.7625995047423311 0.4968522597108561 4.241582562232939E-02
 0.7373804657858443 -0.5628765608625460 0.3734166920599611 4.241582562232939E-02
 -0.4305071515393940 0.2405282060749882 0.8699481447510451 4.241582562232939E-02
 -0.1073486400087140 -4.080526219520324E-02 0.9933837124019400 4.241582562232939E-02
 4.080526219520324E-02 0.9933837124019400 0.1073486400087140 4.241582562232939E-02
 0.7625995047423311 0.4968522597108561 0.4142219542551643 4.241582562232939E-02
 0.9933837124019400 -0.1073486400087140 -4.080526219520324E-02 4.241582562232939E-02
 -0.4968522597108561 -0.4142219542551643 0.7625995047423311 4.241582562232939E-02
 0.8699481447510451 0.4305071515393940 -0.2405282060749882 4.241582562232939E-02
 -0.3734166920599611 0.7373804657858443 0.5628765608625460 4.241582562232939E-02
 0.4305071515393940 0.2405282060749882 -0.8699481447510451 4.241582562232939E-02
 -0.7373804657858443 -0.5628765608625460 -0.3734166920599611 4.241582562232939E-02
 -0.2405282060749882 0.8699481447510451 0.4305071515393940 4.241582562232939E-02
 -4.080526219520324E-02 -0.9933837124019400 0.1073486400087140 4.241582562232939E-02
 -0.4968522597108561 0.4142219542551643 -0.7625995047423311 4.241582562232939E-02
 0.9933837124019400 0.1073486400087140 4.080526219520324E-02 4.241582562232939E-02
 -0.4142219542551643 0.7625995047423311 -0.4968522597108561 4.241582562232939E-02
 0.1073486400087140 -4.080526219520324E-02 -0.9933837124019400 4.241582562232939E-02
 -0.5628765608625460 0.3734166920599611 0.7373804657858443 4.241582562232939E-02
 -0.7625995047423311 -0.4968522597108561 0.4142219542551643 4.241582562232939E-02
 -0.3734166920599611 -0.7373804657858443 -0.5628765608625460 4.241582562232939E-02
 0.8699481447510451 -0.4305071515393940 0.2405282060749882 4.241582562232939E-02
 0.2405282060749882 -0.8699481447510451 0.4305071515393940 4.241582562232939E-02
 0.5628765608625460 -0.3734166920599611 0.7373804657858443 4.241582562232939E-02
 -5.662680489348731E-02 -0.7685380852745336 0.6372931950445639 4.075283229477399E-02
 -0.7685380852745336 -0.6372931950445639 5.662680489348731E-02 4.075283229477399E-02
 0.2856151292399562 0.6270155178015308 -0.7247589519180300 4.075283229477399E-02
 -0.9579056143830043 -0.1415225674730028 0.2497762935696032 4.075283229477399E-02
 -5.662680489348731E-02 0.7685380852745336 -0.6372931950445639 4.075283229477399E-02
 0.7685380852745336 -0.6372931950445639 -5.662680489348731E-02 4.075283229477399E-02
 0.7813857568115173 -0.3206124193384403 -0.5353914228095594 4.075283229477399E-02
 0.2497762935696032 -0.9579056143830043 -0.1415225674730028 4.075283229477399E-02
 0.1415225674730028 0.2497762935696032 0.9579056143830043 4.075283229477399E-02
 -0.5353914228095594 -0.7813857568115173 0.3206124193384403 4.075283229477399E-02
 -0.6270155178015308 0.7247589519180300 0.2856151292399562 4.075283229477399E-02
 0.2331466624649742 -0.3064030984630905 0.9229083242845202 4.075283229477399E-02
 0.7247589519180300 0.2856151292399562 -0.6270155178015308 4.075283229477399E-02
 0.3064030984630905 0.9229083242845202 -0.2331466624649742 4.075283229477399E-02
 0.3206124193384403 0.5353914228095594 0.7813857568115173 4.075283229477399E-02
 -0.9229083242845202 -0.2331466624649742 -0.3064030984630905 4.075283229477399E-02
 -0.9579056143830043 0.1415225674730028 -0.2497762935696032 4.075283229477399E-02
 -0.6372931950445639 5.662680489348731E-02 -0.7685380852745336 4.075283229477399E-02
 -0.6372931950445639 -5.662680489348731E-02 0.7685380852745336 4.075283229477399E-02
 0.2856151292399562 -0.6270155178015308 0.7247589519180300 4.075283229477399E-02
 0.6372931950445639 -5.662680489348731E-02 -0.7685380852745336 4.075283229477399E-02
 -0.1415225674730028 0.2497762935696032 -0.9579056143830043 4.075283229477399E-02
 0.5353914228095594 -0.7813857568115173 -0.3206124193384403 4.075283229477399E-02
 -0.2331466624649742 -0.3064030984630905 -0.9229083242845202 4.075283229477399E-02
 -0.2497762935696032 0.9579056143830043 -0.1415225674730028 4.075283229477399E-02
 -0.7247589519180300 -0.2856151292399562 -0.6270155178015308 4.075283229477399E-02
 -0.7813857568115173 0.3206124193384403 -0.5353914228095594 4.075283229477399E-02
 -0.3064030984630905 -0.9229083242845202 -0.2331466624649742 4.075283229477399E-02
 0.6270155178015308 0.7247589519180300 -0.2856151292399562 4.075283229477399E-02
 5.662680489348731E-02 0.7685380852745336 0.6372931950445639 4.075283229477399E-02
 -0.7685380852745336 0.6372931950445639 -5.662680489348731E-02 4.075283229477399E-02
 -0.9229083242845202 0.2331466624649742 0.3064030984630905 4.075283229477399E-02
 0.3206124193384403 -0.5353914228095594 -0.7813857568115173 4.075283229477399E-02
 5.662680489348731E-02 -0.7685380852745336 -0.6372931950445639 4.075283229477399E-02
 0.7685380852745336 0.6372931950445639 5.662680489348731E-02 4.075283229477399E-02
 0.6372931950445639 5.662680489348731E-02 0.7685380852745336 4.075283229477399E-02
 0.5353914228095594 0.7813857568115173 0.3206124193384403 4.075283229477399E-02
 0.6270155178015308 -0.7247589519180300 0.2856151292399562 4.075283229477399E-02
 -0.2331466624649742 0.3064030984630905 0.9229083242845202 4.075283229477399E-02
 -0.1415225674730028 -0.2497762935696032 0.9579056143830043 4.075283229477399E-02
 0.2497762935696032 0.9579056143830043 0.1415225674730028 4.075283229477399E-02
 0.7813857568115173 0.3206124193384403 0.5353914228095594 4.075283229477399E-02
 0.9579056143830043 -0.1415225674730028 -0.2497762935696032 4.075283229477399E-02
 -0.3206124193384403 -0.5353914228095594 0.7813857568115173 4.075283229477399E-02
 0.9229083242845202 0.2331466624649742 -0.3064030984630905 4.075283229477399E-02
 -0.2856151292399562 0.6270155178015308 0.7247589519180300 4.075283229477399E-02
 0.2331466624649742 0.3064030984630905 -0.9229083242845202 4.075283229477399E-02
 -0.6270155178015308 -0.7247589519180300 -0.2856151292399562 4.075283229477399E-02
 -0.3064030984630905 0.9229083242845202 0.2331466624649742 4.075283229477399E-02
 -0.2497762935696032 -0.9579056143830043 0.1415225674730028 4.075283229477399E-02
 -0.3206124193384403 0.5353914228095594 -0.7813857568115173 4.075283229477399E-02
 0.9579056143830043 0.1415225674730028 0.2497762935696032 4.075283229477399E-02
 -0.5353914228095594 0.7813857568115173 -0.3206124193384403 4.075283229477399E-02
 0.1415225674730028 -0.2497762935696032 -0.9579056143830043 4.075283229477399E-02
 -0.7247589519180300 0.2856151292399562 0.6270155178015308 4.075283229477399E-02
 -0.7813857568115173 -0.3206124193384403 0.5353914228095594 4.075283229477399E-02
 -0.2856151292399562 -0.6270155178015308 -0.7247589519180300 4.075283229477399E-02
 0.9229083242845202 -0.2331466624649742 0.3064030984630905 4.075283229477399E-02
 0.3064030984630905 -0.9229083242845202 0.2331466624649742 4.075283229477399E-02
 0.7247589519180300 -0.2856151292399562 0.6270155178015308 4.075283229477399E-02
