 192
 0.000000000000000E+00 -0.5257311121191336 0.8506508083520399 5.616661646902572E-02
 0.000000000000000E+00 -0.5257311121191336 -0.8506508083520399 5.616661646902572E-02
 0.8506508083520399 0.000000000000000E+00 -0.5257311121191336 5.616661646902572E-02
 0.8506508083520399 0.000000000000000E+00 0.5257311121191336 5.616661646902572E-02
 -0.5257311121191336 0.8506508083520399 0.000000000000000E+00 5.616661646902572E-02
 -0.5257311121191336 -0.8506508083520399 0.000000000000000E+00 5.616661646902572E-02
 0.000000000000000E+00 0.5257311121191336 -0.8506508083520399 5.616661646902572E-02
 0.000000000000000E+00 0.5257311121191336 0.8506508083520399 5.616661646902572E-02
 -0.8506508083520399 0.000000000000000E+00 0.5257311121191336 5.616661646902572E-02
 -0.8506508083520399 0.000000000000000E+00 -0.5257311121191336 5.616661646902572E-02
 0.5257311121191336 -0.8506508083520399 0.000000000000000E+00 5.616661646902572E-02
 0.5257311121191336 0.8506508083520399 0.000000000000000E+00 5.616661646902572E-02
 -0.3545801442989265 -0.9192509990623295 0.1710278398152229 6.414718867935602E-02
 -0.9192509990623295 -0.1710278398152229 0.3545801442989265 6.414718867935602E-02
 0.5486044699736725 0.7993373711510575 -0.2451385375786970 6.414718867935602E-02
 -0.9387748907014744 -0.1199136279112719 -0.3229898240341203 6.414718867935602E-02
 -0.3545801442989265 0.9192509990623295 -0.1710278398152229 6.414718867935602E-02
 0.9192509990623295 -0.1710278398152229 -0.3545801442989265 6.414718867935602E-02
 0.5997186818776236 -0.7677470508862514 -0.2256146459395522 6.414718867935602E-02
 -0.3229898240341203 -0.9387748907014744 -0.1199136279112719 6.414718867935602E-02
 0.1199136279112719 -0.3229898240341203 0.9387748907014744 6.414718867935602E-02
 -0.2256146459395522 -0.5997186818776236 0.7677470508862514 6.414718867935602E-02
 -0.7993373711510575 0.2451385375786970 0.5486044699736725 6.414718867935602E-02
 0.6936363531227773 -3.159032026480618E-02 0.7196323097888955 6.414718867935602E-02
 0.2451385375786970 0.5486044699736725 -0.7993373711510575 6.414718867935602E-02
 3.159032026480618E-02 0.7196323097888955 -0.6936363531227773 6.414718867935602E-02
 0.7677470508862514 0.2256146459395522 0.5997186818776236 6.414718867935602E-02
 -0.7196323097888955 -0.6936363531227773 -3.159032026480618E-02 6.414718867935602E-02
 -0.9387748907014744 0.1199136279112719 0.3229898240341203 6.414718867935602E-02
 -0.1710278398152229 0.3545801442989265 -0.9192509990623295 6.414718867935602E-02
 -0.1710278398152229 -0.3545801442989265 0.9192509990623295 6.414718867935602E-02
 0.5486044699736725 -0.7993373711510575 0.2451385375786970 6.414718867935602E-02
 0.1710278398152229 -0.3545801442989265 -0.9192509990623295 6.414718867935602E-02
 -0.1199136279112719 -0.3229898240341203 -0.9387748907014744 6.414718867935602E-02
 0.2256146459395522 -0.5997186818776236 -0.7677470508862514 6.414718867935602E-02
 -0.6936363531227773 -3.159032026480618E-02 -0.7196323097888955 6.414718867935602E-02
 0.3229898240341203 0.9387748907014744 -0.1199136279112719 6.414718867935602E-02
 -0.2451385375786970 -0.5486044699736725 -0.7993373711510575 6.414718867935602E-02
 -0.5997186818776236 0.7677470508862514 -0.2256146459395522 6.414718867935602E-02
 -3.159032026480618E-02 -0.7196323097888955 -0.6936363531227773 6.414718867935602E-02
 0.7993373711510575 0.2451385375786970 -0.5486044699736725 6.414718867935602E-02
 0.3545801442989265 0.9192509990623295 0.1710278398152229 6.414718867935602E-02
 -0.9192509990623295 0.1710278398152229 -0.3545801442989265 6.414718867935602E-02
 -0.7196323097888955 0.6936363531227773 3.159032026480618E-02 6.414718867935602E-02
 0.7677470508862514 -0.2256146459395522 -0.5997186818776236 6.414718867935602E-02
 0.3545801442989265 -0.9192509990623295 -0.1710278398152229 6.414718867935602E-02
 0.9192509990623295 0.1710278398152229 0.3545801442989265 6.414718867935602E-02
 0.1710278398152229 0.3545801442989265 0.9192509990623295 6.414718867935602E-02
 0.2256146459395522 0.5997186818776236 0.7677470508862514 6.414718867935602E-02
 0.7993373711510575 -0.2451385375786970 0.5486044699736725 6.414718867935602E-02
 -0.6936363531227773 3.159032026480618E-02 0.7196323097888955 6.414718867935602E-02
 -0.1199136279112719 0.3229898240341203 0.9387748907014744 6.414718867935602E-02
 -0.3229898240341203 0.9387748907014744 0.1199136279112719 6.414718867935602E-02
 0.5997186818776236 0.7677470508862514 0.2256146459395522 6.414718867935602E-02
 0.9387748907014744 -0.1199136279112719 0.3229898240341203 6.414718867935602E-02
 -0.7677470508862514 -0.2256146459395522 0.5997186818776236 6.414718867935602E-02
 0.7196323097888955 0.6936363531227773 -3.159032026480618E-02 6.414718867935602E-02
 -0.5486044699736725 0.7993373711510575 0.2451385375786970 6.414718867935602E-02
 0.6936363531227773 3.159032026480618E-02 -0.7196323097888955 6.414718867935602E-02
 -0.7993373711510575 -0.2451385375786970 -0.5486044699736725 6.414718867935602E-02
 -3.159032026480618E-02 0.7196323097888955 0.6936363531227773 6.414718867935602E-02
 0.3229898240341203 -0.9387748907014744 0.1199136279112719 6.414718867935602E-02
 -0.7677470508862514 0.2256146459395522 -0.5997186818776236 6.414718867935602E-02
 0.9387748907014744 0.1199136279112719 -0.3229898240341203 6.414718867935602E-02
 -0.2256146459395522 0.5997186818776236 -0.7677470508862514 6.414718867935602E-02
 0.1199136279112719 0.3229898240341203 -0.9387748907014744 6.414718867935602E-02
 -0.2451385375786970 0.5486044699736725 0.7993373711510575 6.414718867935602E-02
 -0.5997186818776236 -0.7677470508862514 0.2256146459395522 6.414718867935602E-02
 -0.5486044699736725 -0.7993373711510575 -0.2451385375786970 6.414718867935602E-02
 0.7196323097888955 -0.6936363531227773 3.159032026480618E-02 6.414718867935602E-02
 3.159032026480618E-02 -0.7196323097888955 0.6936363531227773 6.414718867935602E-02
 0.2451385375786970 -0.5486044699736725 0.7993373711510575 6.414718867935602E-02
 -0.1590234054328689 -0.9232111603279409 0.3498466949543333 6.694950767152388E-02
 -0.9232111603279409 -0.3498466949543333 0.1590234054328689 6.694950767152388E-02
 0.5228292358426180 0.6983667918293359 -0.4888081568654774 6.694950767152388E-02
 -0.9709578003612189 -0.2248443684986051 -8.176771901041859E-02 6.694950767152388E-02
 -0.1590234054328689 0.9232111603279409 -0.3498466949543333 6.694950767152388E-02
 0.9232111603279409 -0.3498466949543333 -0.1590234054328689 6.694950767152388E-02
 0.6478315622983463 -0.6211111054068856 -0.4410615168321994 6.694950767152388E-02
 -8.176771901041859E-02 -0.9709578003612189 -0.2248443684986051 6.694950767152388E-02
 0.2248443684986051 -8.176771901041859E-02 0.9709578003612189 6.694950767152388E-02
 -0.4410615168321994 -0.6478315622983463 0.6211111054068856 6.694950767152388E-02
 -0.6983667918293359 0.4888081568654774 0.5228292358426180 6.694950767152388E-02
 0.4821496434957415 -7.725568642245026E-02 0.8726759307969513 6.694950767152388E-02
 0.4888081568654774 0.5228292358426180 -0.6983667918293359 6.694950767152388E-02
 7.725568642245026E-02 0.8726759307969513 -0.4821496434957415 6.694950767152388E-02
 0.6211111054068856 0.4410615168321994 0.6478315622983463 6.694950767152388E-02
 -0.8726759307969513 -0.4821496434957415 -7.725568642245026E-02 6.694950767152388E-02
 -0.9709578003612189 0.2248443684986051 8.176771901041859E-02 6.694950767152388E-02
 -0.3498466949543333 0.1590234054328689 -0.9232111603279409 6.694950767152388E-02
 -0.3498466949543333 -0.1590234054328689 0.9232111603279409 6.694950767152388E-02
 0.5228292358426180 -0.6983667918293359 0.4888081568654774 6.694950767152388E-02
 0.3498466949543333 -0.1590234054328689 -0.9232111603279409 6.694950767152388E-02
 -0.2248443684986051 -8.176771901041859E-02 -0.9709578003612189 6.694950767152388E-02
 0.4410615168321994 -0.6478315622983463 -0.6211111054068856 6.694950767152388E-02
 -0.4821496434957415 -7.725568642245026E-02 -0.8726759307969513 6.694950767152388E-02
 8.176771901041859E-02 0.9709578003612189 -0.2248443684986051 6.694950767152388E-02
 -0.4888081568654774 -0.5228292358426180 -0.6983667918293359 6.694950767152388E-02
 -0.6478315622983463 0.6211111054068856 -0.4410615168321994 6.694950767152388E-02
 -7.725568642245026E-02 -0.8726759307969513 -0.4821496434957415 6.694950767152388E-02
 0.6983667918293359 0.4888081568654774 -0.5228292358426180 6.694950767152388E-02
 0.1590234054328689 0.9232111603279409 0.3498466949543333 6.694950767152388E-02
 -0.9232111603279409 0.3498466949543333 -0.1590234054328689 6.694950767152388E-02
 -0.8726759307969513 0.4821496434957415 7.725568642245026E-02 6.694950767152388E-02
 0.6211111054068856 -0.4410615168321994 -0.6478315622983463 6.694950767152388E-02
 0.1590234054328689 -0.9232111603279409 -0.3498466949543333 6.694950767152388E-02
 0.9232111603279409 0.3498466949543333 0.1590234054328689 6.694950767152388E-02
 0.3498466949543333 0.1590234054328689 0.9232111603279409 6.694950767152388E-02
 0.4410615168321994 0.6478315622983463 0.6211111054068856 6.694950767152388E-02
 0.6983667918293359 -0.4888081568654774 0.5228292358426180 6.694950767152388E-02
 -0.4821496434957415 7.725568642245026E-02 0.8726759307969513 6.694950767152388E-02
 -0.2248443684986051 8.176771901041859E-02 0.9709578003612189 6.694950767152388E-02
 -8.176771901041859E-02 0.9709578003612189 0.2248443684986051 6.694950767152388E-02
 0.6478315622983463 0.6211111054068856 0.4410615168321994 6.694950767152388E-02
 0.9709578003612189 -0.2248443684986051 8.176771901041859E-02 6.694950767152388E-02
 -0.6211111054068856 -0.4410615168321994 0.6478315622983463 6.694950767152388E-02
 0.8726759307969513 0.4821496434957415 -7.725568642245026E-02 6.694950767152388E-02
 -0.5228292358426180 0.6983667918293359 0.4888081568654774 6.694950767152388E-02
 0.4821496434957415 7.725568642245026E-02 -0.8726759307969513 6.694950767152388E-02
 -0.6983667918293359 -0.4888081568654774 -0.5228292358426180 6.694950767152388E-02
 -7.725568642245026E-02 0.8726759307969513 0.4821496434957415 6.694950767152388E-02
 8.176771901041859E-02 -0.9709578003612189 0.2248443684986051 6.694950767152388E-02
 -0.6211111054068856 0.4410615168321994 -0.6478315622983463 6.694950767152388E-02
 0.9709578003612189 0.2248443684986051 -8.176771901041859E-02 6.694950767152388E-02
 -0.4410615168321994 0.6478315622983463 -0.6211111054068856 6.694950767152388E-02
 0.2248443684986051 8.176771901041859E-02 -0.9709578003612189 6.694950767152388E-02
 -0.4888081568654774 0.5228292358426180 0.6983667918293359 6.694950767152388E-02
 -0.6478315622983463 -0.6211111054068856 0.4410615168321994 6.694950767152388E-02
 -0.5228292358426180 -0.6983667918293359 -0.4888081568654774 6.694950767152388E-02
 0.8726759307969513 -0.4821496434957415 7.725568642245026E-02 6.694950767152388E-02
 7.725568642245026E-02 -0.8726759307969513 0.4821496434957415 6.694950767152388E-02
 0.4888081568654774 -0.5228292358426180 0.6983667918293359 6.694950767152388E-02
 -0.1940767713158784 -0.7923876373230855 0.5783217435417265 6.710949059463450E-02
 -0.7923876373230855 -0.5783217435417265 0.1940767713158784 6.710949059463450E-02
 0.2919211724060986 0.7319164718404522 -0.6156949791493134 6.710949059463450E-02
 -0.9901889570478786 -6.047116548263332E-02 0.1259724870184218 6.710949059463450E-02
 -0.1940767713158784 0.7923876373230855 -0.5783217435417265 6.710949059463450E-02
 0.7923876373230855 -0.5783217435417265 -0.1940767713158784 6.710949059463450E-02
 0.8097717504651918 -0.4118672135061520 -0.4178936594245203 6.710949059463450E-02
 0.1259724870184218 -0.9901889570478786 -6.047116548263332E-02 6.710949059463450E-02
 6.047116548263332E-02 0.1259724870184218 0.9901889570478786 6.710949059463450E-02
 -0.4178936594245203 -0.8097717504651918 0.4118672135061520 6.710949059463450E-02
 -0.7319164718404522 0.6156949791493134 0.2919211724060986 6.710949059463450E-02
 0.3744939778985652 -0.3200492583343001 0.8702429159478251 6.710949059463450E-02
 0.6156949791493134 0.2919211724060986 -0.7319164718404522 6.710949059463450E-02
 0.3200492583343001 0.8702429159478251 -0.3744939778985652 6.710949059463450E-02
 0.4118672135061520 0.4178936594245203 0.8097717504651918 6.710949059463450E-02
 -0.8702429159478251 -0.3744939778985652 -0.3200492583343001 6.710949059463450E-02
 -0.9901889570478786 6.047116548263332E-02 -0.1259724870184218 6.710949059463450E-02
 -0.5783217435417265 0.1940767713158784 -0.7923876373230855 6.710949059463450E-02
 -0.5783217435417265 -0.1940767713158784 0.7923876373230855 6.710949059463450E-02
 0.2919211724060986 -0.7319164718404522 0.6156949791493134 6.710949059463450E-02
 0.5783217435417265 -0.1940767713158784 -0.7923876373230855 6.710949059463450E-02
 -6.047116548263332E-02 0.1259724870184218 -0.9901889570478786 6.710949059463450E-02
 0.4178936594245203 -0.8097717504651918 -0.4118672135061520 6.710949059463450E-02
 -0.3744939778985652 -0.3200492583343001 -0.8702429159478251 6.710949059463450E-02
 -0.1259724870184218 0.9901889570478786 -6.047116548263332E-02 6.710949059463450E-02
 -0.6156949791493134 -0.2919211724060986 -0.7319164718404522 6.710949059463450E-02
 -0.8097717504651918 0.4118672135061520 -0.4178936594245203 6.710949059463450E-02
 -0.3200492583343001 -0.8702429159478251 -0.3744939778985652 6.710949059463450E-02
 0.7319164718404522 0.6156949791493134 -0.2919211724060986 6.710949059463450E-02
 0.1940767713158784 0.7923876373230855 0.5783217435417265 6.710949059463450E-02
 -0.7923876373230855 0.5783217435417265 -0.1940767713158784 6.710949059463450E-02
 -0.8702429159478251 0.3744939778985652 0.3200492583343001 6.710949059463450E-02
 0.4118672135061520 -0.4178936594245203 -0.8097717504651918 6.710949059463450E-02
 0.1940767713158784 -0.7923876373230855 -0.5783217435417265 6.710949059463450E-02
 0.7923876373230855 0.5783217435417265 0.1940767713158784 6.710949059463450E-02
 0.5783217435417265 0.1940767713158784 0.7923876373230855 6.710949059463450E-02
 0.4178936594245203 0.8097717504651918 0.4118672135061520 6.710949059463450E-02
 0.7319164718404522 -0.6156949791493134 0.2919211724060986 6.710949059463450E-02
 -0.3744939778985652 0.3200492583343001 0.8702429159478251 6.710949059463450E-02
 -6.047116548263332E-02 -0.1259724870184218 0.9901889570478786 6.710949059463450E-02
 0.1259724870184218 0.9901889570478786 6.047116548263332E-02 6.710949059463450E-02
 0.8097717504651918 0.4118672135061520 0.4178936594245203 6.710949059463450E-02
 0.9901889570478786 -6.047116548263332E-02 -0.1259724870184218 6.710949059463450E-02
 -0.4118672135061520 -0.4178936594245203 0.8097717504651918 6.710949059463450E-02
 0.8702429159478251 0.3744939778985652 -0.3200492583343001 6.710949059463450E-02
 -0.2919211724060986 0.7319164718404522 0.6156949791493134 6.710949059463450E-02
 0.3744939778985652 0.3200492583343001 -0.8702429159478251 6.710949059463450E-02
 -0.7319164718404522 -0.6156949791493134 -0.2919211724060986 6.710949059463450E-02
 -0.3200492583343001 0.8702429159478251 0.3744939778985652 6.710949059463450E-02
 -0.1259724870184218 -0.9901889570478786 6.047116548263332E-02 6.710949059463450E-02
 -0.4118672135061520 0.4178936594245203 -0.8097717504651918 6.710949059463450E-02
 0.9901889570478786 6.047116548263332E-02 0.1259724870184218 6.710949059463450E-02
 -0.4178936594245203 0.8097717504651918 -0.4118672135061520 6.710949059463450E-02
 6.047116548263332E-02 -0.1259724870184218 -0.9901889570478786 6.710949059463450E-02
 -0.6156949791493134 0.2919211724060986 0.7319164718404522 6.710949059463450E-02
 -0.8097717504651918 -0.4118672135061520 0.4178936594245203 6.710949059463450E-02
 -0.2919211724060986 -0.7319164718404522 -0.6156949791493134 6.710949059463450E-02
 0.8702429159478251 -0.3744939778985652 0.3200492583343001 6.710949059463450E-02
 0.3200492583343001 -0.8702429159478251 0.3744939778985652 6.710949059463450E-02
 0.6156949791493134 -0.2919211724060986 0.7319164718404522 6.710949059463450E-02
