 132
 0.000000000000000E+00 -0.5257311121191336 0.8506508083520399 7.790535948481932E-02
 0.000000000000000E+00 -0.5257311121191336 -0.8506508083520399 7.790535948481932E-02
 0.8506508083520399 0.000000000000000E+00 -0.5257311121191336 7.790535948481932E-02
 0.8506508083520399 0.000000000000000E+00 0.5257311121191336 7.790535948481932E-02
 -0.5257311121191336 0.8506508083520399 0.000000000000000E+00 7.790535948481932E-02
 -0.5257311121191336 -0.8506508083520399 0.000000000000000E+00 7.790535948481932E-02
 0.000000000000000E+00 0.5257311121191336 -0.8506508083520399 7.790535948481932E-02
 0.000000000000000E+00 0.5257311121191336 0.8506508083520399 7.790535948481932E-02
 -0.8506508083520399 0.000000000000000E+00 0.5257311121191336 7.790535948481932E-02
 -0.8506508083520399 0.000000000000000E+00 -0.5257311121191336 7.790535948481932E-02
 0.5257311121191336 -0.8506508083520399 0.000000000000000E+00 7.790535948481932E-02
 0.5257311121191336 0.8506508083520399 0.000000000000000E+00 7.790535948481932E-02
 -0.3556618529162557 -0.9030153977406070 0.2409726910327164 9.331615012914769E-02
 -0.9030153977406070 -0.2409726910327164 0.3556618529162557 9.331615012914769E-02
 0.5001629006360394 0.8137088388398103 -0.2961671798517033 9.331615012914769E-02
 -0.9609467052727677 -8.930655890079679E-02 -0.2619270283164968 9.331615012914769E-02
 -0.3556618529162557 0.9030153977406070 -0.2409726910327164 9.331615012914769E-02
 0.9030153977406070 -0.2409726910327164 -0.3556618529162557 9.331615012914769E-02
 0.6518290327679590 -0.7199740142400514 -0.2382358723195425 9.331615012914769E-02
 -0.2619270283164968 -0.9609467052727677 -8.930655890079679E-02 9.331615012914769E-02
 8.930655890079679E-02 -0.2619270283164968 0.9609467052727677 9.331615012914769E-02
 -0.2382358723195425 -0.6518290327679590 0.7199740142400514 9.331615012914769E-02
 -0.8137088388398103 0.2961671798517033 0.5001629006360394 9.331615012914769E-02
 0.6647795254210644 -9.373482459975889E-02 0.7411355916687558 9.331615012914769E-02
 0.2961671798517033 0.5001629006360394 -0.8137088388398103 9.331615012914769E-02
 9.373482459975889E-02 0.7411355916687558 -0.6647795254210644 9.331615012914769E-02
 0.7199740142400514 0.2382358723195425 0.6518290327679590 9.331615012914769E-02
 -0.7411355916687558 -0.6647795254210644 -9.373482459975889E-02 9.331615012914769E-02
 -0.9609467052727677 8.930655890079679E-02 0.2619270283164968 9.331615012914769E-02
 -0.2409726910327164 0.3556618529162557 -0.9030153977406070 9.331615012914769E-02
 -0.2409726910327164 -0.3556618529162557 0.9030153977406070 9.331615012914769E-02
 0.5001629006360394 -0.8137088388398103 0.2961671798517033 9.331615012914769E-02
 0.2409726910327164 -0.3556618529162557 -0.9030153977406070 9.331615012914769E-02
 -8.930655890079679E-02 -0.2619270283164968 -0.9609467052727677 9.331615012914769E-02
 0.2382358723195425 -0.6518290327679590 -0.7199740142400514 9.331615012914769E-02
 -0.6647795254210644 -9.373482459975889E-02 -0.7411355916687558 9.331615012914769E-02
 0.2619270283164968 0.9609467052727677 -8.930655890079679E-02 9.331615012914769E-02
 -0.2961671798517033 -0.5001629006360394 -0.8137088388398103 9.331615012914769E-02
 -0.6518290327679590 0.7199740142400514 -0.2382358723195425 9.331615012914769E-02
 -9.373482459975889E-02 -0.7411355916687558 -0.6647795254210644 9.331615012914769E-02
 0.8137088388398103 0.2961671798517033 -0.5001629006360394 9.331615012914769E-02
 0.3556618529162557 0.9030153977406070 0.2409726910327164 9.331615012914769E-02
 -0.9030153977406070 0.2409726910327164 -0.3556618529162557 9.331615012914769E-02
 -0.7411355916687558 0.6647795254210644 9.373482459975889E-02 9.331615012914769E-02
 0.7199740142400514 -0.2382358723195425 -0.6518290327679590 9.331615012914769E-02
 0.3556618529162557 -0.9030153977406070 -0.2409726910327164 9.331615012914769E-02
 0.9030153977406070 0.2409726910327164 0.3556618529162557 9.331615012914769E-02
 0.2409726910327164 0.3556618529162557 0.9030153977406070 9.331615012914769E-02
 0.2382358723195425 0.6518290327679590 0.7199740142400514 9.331615012914769E-02
 0.8137088388398103 -0.2961671798517033 0.5001629006360394 9.331615012914769E-02
 -0.6647795254210644 9.373482459975889E-02 0.7411355916687558 9.331615012914769E-02
 -8.930655890079679E-02 0.2619270283164968 0.9609467052727677 9.331615012914769E-02
 -0.2619270283164968 0.9609467052727677 8.930655890079679E-02 9.331615012914769E-02
 0.6518290327679590 0.7199740142400514 0.2382358723195425 9.331615012914769E-02
 0.9609467052727677 -8.930655890079679E-02 0.2619270283164968 9.331615012914769E-02
 -0.7199740142400514 -0.2382358723195425 0.6518290327679590 9.331615012914769E-02
 0.7411355916687558 0.6647795254210644 -9.373482459975889E-02 9.331615012914769E-02
 -0.5001629006360394 0.8137088388398103 0.2961671798517033 9.331615012914769E-02
 0.6647795254210644 9.373482459975889E-02 -0.7411355916687558 9.331615012914769E-02
 -0.8137088388398103 -0.2961671798517033 -0.5001629006360394 9.331615012914769E-02
 -9.373482459975889E-02 0.7411355916687558 0.6647795254210644 9.331615012914769E-02
 0.2619270283164968 -0.9609467052727677 8.930655890079679E-02 9.331615012914769E-02
 -0.7199740142400514 0.2382358723195425 -0.6518290327679590 9.331615012914769E-02
 0.9609467052727677 8.930655890079679E-02 -0.2619270283164968 9.331615012914769E-02
 -0.2382358723195425 0.6518290327679590 -0.7199740142400514 9.331615012914769E-02
 8.930655890079679E-02 0.2619270283164968 -0.9609467052727677 9.331615012914769E-02
 -0.2961671798517033 0.5001629006360394 0.8137088388398103 9.331615012914769E-02
 -0.6518290327679590 -0.7199740142400514 0.2382358723195425 9.331615012914769E-02
 -0.5001629006360394 -0.8137088388398103 -0.2961671798517033 9.331615012914769E-02
 0.7411355916687558 -0.6647795254210644 9.373482459975889E-02 9.331615012914769E-02
 9.373482459975889E-02 -0.7411355916687558 0.6647795254210644 9.331615012914769E-02
 0.2961671798517033 -0.5001629006360394 0.8137088388398103 9.331615012914769E-02
 -0.1422114286104864 -0.8648011321175780 0.4815546816932839 0.1005422882132080
 -0.8648011321175780 -0.4815546816932839 0.1422114286104864 0.1005422882132080
 0.4149157235561929 0.6962606089630552 -0.5857184534844676 0.1005422882132080
 -0.9843619017194366 -0.1685405231545228 5.124196032641608E-02 0.1005422882132080
 -0.1422114286104864 0.8648011321175780 -0.4815546816932839 0.1005422882132080
 0.8648011321175780 -0.4815546816932839 -0.1422114286104864 0.1005422882132080
 0.7279298820949540 -0.5028072200261527 -0.4661576838826090 0.1005422882132080
 5.124196032641608E-02 -0.9843619017194366 -0.1685405231545228 0.1005422882132080
 0.1685405231545228 5.124196032641608E-02 0.9843619017194366 0.1005422882132080
 -0.4661576838826090 -0.7279298820949540 0.5028072200261527 0.1005422882132080
 -0.6962606089630552 0.5857184534844676 0.4149157235561929 0.1005422882132080
 0.3986434482349690 -0.1934533889369024 0.8964704052494767 0.1005422882132080
 0.5857184534844676 0.4149157235561929 -0.6962606089630552 0.1005422882132080
 0.1934533889369024 0.8964704052494767 -0.3986434482349690 0.1005422882132080
 0.5028072200261527 0.4661576838826090 0.7279298820949540 0.1005422882132080
 -0.8964704052494767 -0.3986434482349690 -0.1934533889369024 0.1005422882132080
 -0.9843619017194366 0.1685405231545228 -5.124196032641608E-02 0.1005422882132080
 -0.4815546816932839 0.1422114286104864 -0.8648011321175780 0.1005422882132080
 -0.4815546816932839 -0.1422114286104864 0.8648011321175780 0.1005422882132080
 0.4149157235561929 -0.6962606089630552 0.5857184534844676 0.1005422882132080
 0.4815546816932839 -0.1422114286104864 -0.8648011321175780 0.1005422882132080
 -0.1685405231545228 5.124196032641608E-02 -0.9843619017194366 0.1005422882132080
 0.4661576838826090 -0.7279298820949540 -0.5028072200261527 0.1005422882132080
 -0.3986434482349690 -0.1934533889369024 -0.8964704052494767 0.1005422882132080
 -5.124196032641608E-02 0.9843619017194366 -0.1685405231545228 0.1005422882132080
 -0.5857184534844676 -0.4149157235561929 -0.6962606089630552 0.1005422882132080
 -0.7279298820949540 0.5028072200261527 -0.4661576838826090 0.1005422882132080
 -0.1934533889369024 -0.8964704052494767 -0.3986434482349690 0.1005422882132080
 0.6962606089630552 0.5857184534844676 -0.4149157235561929 0.1005422882132080
 0.1422114286104864 0.8648011321175780 0.4815546816932839 0.1005422882132080
 -0.8648011321175780 0.4815546816932839 -0.1422114286104864 0.1005422882132080
 -0.8964704052494767 0.3986434482349690 0.1934533889369024 0.1005422882132080
 0.5028072200261527 -0.4661576838826090 -0.7279298820949540 0.1005422882132080
 0.1422114286104864 -0.8648011321175780 -0.4815546816932839 0.1005422882132080
 0.8648011321175780 0.4815546816932839 0.1422114286104864 0.1005422882132080
 0.4815546816932839 0.1422114286104864 0.8648011321175780 0.1005422882132080
 0.4661576838826090 0.7279298820949540 0.5028072200261527 0.1005422882132080
 0.6962606089630552 -0.5857184534844676 0.4149157235561929 0.1005422882132080
 -0.3986434482349690 0.1934533889369024 0.8964704052494767 0.1005422882132080
 -0.1685405231545228 -5.124196032641608E-02 0.9843619017194366 0.1005422882132080
 5.124196032641608E-02 0.9843619017194366 0.1685405231545228 0.1005422882132080
 0.7279298820949540 0.5028072200261527 0.4661576838826090 0.1005422882132080
 0.9843619017194366 -0.1685405231545228 -5.124196032641608E-02 0.1005422882132080
 -0.5028072200261527 -0.4661576838826090 0.7279298820949540 0.1005422882132080
 0.8964704052494767 0.3986434482349690 -0.1934533889369024 0.1005422882132080
 -0.4149157235561929 0.6962606089630552 0.5857184534844676 0.1005422882132080
 0.3986434482349690 0.1934533889369024 -0.8964704052494767 0.1005422882132080
 -0.6962606089630552 -0.5857184534844676 -0.4149157235561929 0.1005422882132080
 -0.1934533889369024 0.8964704052494767 0.3986434482349690 0.1005422882132080
 -5.124196032641608E-02 -0.9843619017194366 0.1685405231545228 0.1005422882132080
 -0.5028072200261527 0.4661576838826090 -0.7279298820949540 0.1005422882132080
 0.9843619017194366 0.1685405231545228 5.124196032641608E-02 0.1005422882132080
 -0.4661576838826090 0.7279298820949540 -0.5028072200261527 0.1005422882132080
 0.1685405231545228 -5.124196032641608E-02 -0.9843619017194366 0.1005422882132080
 -0.5857184534844676 0.4149157235561929 0.6962606089630552 0.1005422882132080
 -0.7279298820949540 -0.5028072200261527 0.4661576838826090 0.1005422882132080
 -0.4149157235561929 -0.6962606089630552 -0.5857184534844676 0.1005422882132080
 0.8964704052494767 -0.3986434482349690 0.1934533889369024 0.1005422882132080
 0.1934533889369024 -0.8964704052494767 0.3986434482349690 0.1005422882132080
 0.5857184534844676 -0.4149157235561929 0.6962606089630552 0.1005422882132080
