3 3 3 4 3 3 3 3
9.698590654744034811e-01 1.846952428891112108e-01 1.589372843962335025e-01 5.145148155504906118e-01
6.019740239229241785e-02 9.291930376226865684e-01 3.646595282983089437e-01 5.145148155504903897e-01
5.342562755891449022e-01 5.271628275113179329e-01 6.608097950877304116e-01 5.240352036559490223e-01
-9.255421780535885157e-01 2.197691039075241326e-01 3.083394519219093688e-01 5.247363419179281729e-01
-5.815549767382741653e-01 7.899533786735289942e-01 1.943385410905973387e-01 4.106876896489919382e-01
-3.063053730711647327e-01 4.723089565285925606e-01 8.264994059348177435e-01 5.319150743210643295e-01
-3.252215005425697636e-01 -8.525260233159943635e-01 4.091825450258797514e-01 4.911373158701436425e-01
-8.764085358062768671e-01 -4.497252620009872803e-01 1.722070471381516310e-01 4.911373158701424213e-01
-5.682113067391573180e-01 -2.284969715506238175e-01 7.905220078441667075e-01 5.016764423690558417e-01
9.442136696979980259e-02 -8.621359403322498283e-02 9.917922270634251802e-01 5.253041964084130822e-01
2.937892614333119101e-01 -6.948351946699968806e-01 6.564235843678811744e-01 5.247363419179273958e-01
8.417910384347300212e-01 -5.389102199683190042e-01 3.104226835585577327e-02 5.319150743210645516e-01
7.140479085663802294e-01 -1.663859991644262570e-01 6.800377074501340324e-01 4.106876896489889961e-01
8.478278484116408276e-01 1.228099499884607315e-01 -5.158542969109780607e-01 5.240352036559483562e-01
3.085964453330036217e-01 5.844305645447620545e-01 -7.504726171911438870e-01 5.145148155504926102e-01
6.156596383497846547e-01 7.810735371657644421e-01 -1.043424134586398710e-01 4.943493751330682584e-01
-8.143691630122286140e-01 4.484065723998680308e-01 -3.684215142514947194e-01 5.253041964084134152e-01
-3.617048425951993051e-01 2.870730850051109728e-01 -8.869941661075513295e-01 5.319150743210639964e-01
-1.414268834737952563e-01 9.240211615314699589e-01 -3.552229295427350442e-01 5.240352036559473570e-01
-4.769161526044733423e-01 -8.272825145859528106e-01 -2.969084445503185066e-01 4.911373158701427544e-01
-1.630686273418672783e-01 -5.333061267538490302e-01 -8.300561414408346161e-01 5.247363419179279509e-01
-7.940304255351685603e-01 -2.312081140709537908e-01 -5.621907961823920941e-01 5.016764423690552865e-01
2.341390013672308423e-01 -9.714934783735345025e-01 -3.713959499573198098e-02 5.016764423690555086e-01
3.083698544509475559e-01 -6.425467743442803137e-02 -9.490939728465770386e-01 4.106876896489901063e-01
5.118048587410967132e-01 -6.262592418459101973e-01 -5.880945064966955904e-01 5.253041964084114168e-01
