5 7 5 7 6 7 6 6
8.883640956179141845e-01 3.362892588968274810e-02 4.579064631127974794e-01 2.173731660535551669e-01
7.489185383808520946e-01 5.085945201085502188e-01 4.247971715831468931e-01 2.580712952272799510e-01
3.644619822753920602e-01 5.047174254281392436e-01 7.825776536198068012e-01 2.843549703596683353e-01
9.774210763668835789e-01 2.088870604580348733e-01 3.184706339686700638e-02 2.531467747623134534e-01
4.226722177707791239e-01 8.528250492598704602e-01 3.066555586967741887e-01 2.640454385315920693e-01
-8.548232601091871885e-01 4.585089939332877562e-01 2.429952601566237047e-01 2.010315060094200190e-01
-7.857185906832162003e-02 7.687908247899580827e-01 6.346551273576256369e-01 2.676272817914751023e-01
-1.104460860596509914e-01 3.721327664543130354e-01 9.215849750322342437e-01 2.193381606554061503e-01
-5.869397072518245384e-01 4.672219197711058314e-01 6.612151372560559626e-01 2.756772689244078589e-01
-3.109740950215851563e-02 9.847736171260528248e-01 1.710376395262909743e-01 2.122466449763783791e-01
-8.591942661255481672e-01 3.737712939317652111e-02 5.102824347900940527e-01 2.603246454233925089e-01
-4.934444746576901464e-01 8.325086137829902366e-01 2.518768715204316999e-01 2.802398617132260128e-01
-9.107595177289850019e-01 -3.694484276142041557e-01 1.844585595722221805e-01 2.615922929676538500e-01
-6.571073364129788041e-01 -3.863211088115877656e-01 6.472757907714652426e-01 2.322254500369565766e-01
-2.177842226269750547e-01 -5.696995171271695968e-01 7.924723923013556881e-01 2.606218854565132137e-01
-4.112745790551964320e-01 -1.658093176779473765e-02 9.113606823451859684e-01 2.678137761273932105e-01
-4.916738329271715391e-01 -7.876253027728439271e-01 3.713532340598230119e-01 2.673730607471609400e-01
9.442136696979980259e-02 -8.621359403322498283e-02 9.917922270634251802e-01 2.688886529386366187e-01
7.291511184464376516e-01 -4.009563051665859801e-01 5.545923618437857971e-01 2.230106766106551286e-01
5.646520664963775582e-01 -4.187767765408551002e-04 8.253289455892007798e-01 2.679711620721810794e-01
9.290832844223376741e-01 -3.677063873828237406e-01 3.995326375747512704e-02 3.025957062232416117e-01
2.889967372373316579e-01 -5.389005975242447954e-01 7.912439774520807489e-01 2.624408209675347936e-01
5.614992955857813772e-01 -7.668969787863929577e-01 3.107854002120662429e-01 2.611720945695018004e-01
4.849540378264345641e-02 -8.941308427600409559e-01 4.451721373100269163e-01 2.686311979225600166e-01
4.946868686314742636e-01 6.141994708357215726e-01 -6.148527563805062934e-01 2.518417318232973878e-01
8.625812694040688733e-01 2.482524248871168515e-01 -4.408222852929869484e-01 2.593514692077055206e-01
2.861832422056315162e-01 9.318060698015804277e-01 -2.232411256054883386e-01 2.853909190470040880e-01
5.988544916851682443e-01 1.896217984135618873e-02 -8.006333327586123705e-01 2.584830326755384600e-01
7.444102804430001719e-01 6.539056129714315713e-01 -1.351324672135837124e-01 2.512977844687704909e-01
1.935009770145148522e-01 3.434370897390681687e-01 -9.190257544193130013e-01 2.507297241464126469e-01
-7.708167021836718202e-01 1.491075586276112697e-01 -6.193614030554390748e-01 2.514004591580605297e-01
-3.229907363392370834e-01 2.171340887799785013e-01 -9.211567574135934855e-01 2.666485942903081829e-01
-7.750851170468405771e-01 5.936438952603250163e-01 -2.164023727980676770e-01 2.610792202503123827e-01
-3.060056083568492569e-01 9.155801284789849559e-01 -2.609091719134459808e-01 2.608101825031778898e-01
-9.886204058395906547e-01 1.119898441487299362e-01 -1.004388767614712713e-01 2.870128210976266581e-01
-1.124831342822124602e-03 7.405412840631507843e-01 -6.720099265282845069e-01 2.500350220543934299e-01
-4.923498305265897601e-01 6.059749815400430339e-01 -6.248087436391899230e-01 2.521127804787552940e-01
-5.118349811361193602e-01 -2.762582096879959703e-01 -8.134533506387269242e-01 2.823406788427419989e-01
-9.059779196944597879e-02 -5.577403563825964472e-01 -8.250562010872201091e-01 2.156189005902464095e-01
-6.831158017346680156e-01 -7.223153879792265641e-01 -1.077649372886242685e-01 2.424155887128848497e-01
-4.449801104405387009e-01 -7.175584679310619274e-01 -5.358195091752006034e-01 2.516263945515460621e-01
-8.721509663165439852e-01 -3.167375768768160293e-01 -3.728672677338705777e-01 2.595187138057029608e-01
-2.352209711980049744e-01 -9.685353272520812462e-01 -8.130445604867518605e-02 2.635336630873400532e-01
8.644520642974568014e-02 -1.224785262287157311e-01 -9.886992651449482139e-01 2.455113584239868030e-01
4.069490995221901608e-01 -5.000216707194508059e-01 -7.644414687920899620e-01 2.791203292188642604e-01
8.446338522699323725e-01 -2.717366400231736034e-01 -4.612514000722061080e-01 2.430170352727835659e-01
2.715728706554194072e-01 -9.623335628392022389e-01 -1.273929971317222520e-02 2.232726484802775579e-01
1.357416461492224058e-01 -8.708537405991577662e-01 -4.724277383739805547e-01 2.703500456289282261e-01
6.543134181937193539e-01 -7.030332383273253383e-01 -2.786004604781643357e-01 2.660377254744027420e-01
