8 7 5 5 6 6 6 6
0.000000000000000000e+00 0.000000000000000000e+00 1.000000000000000000e+00 2.688886529386366187e-01
8.447701320723099983e-01 0.000000000000000000e+00 5.351293525480843583e-01 2.173731660535551669e-01
7.541704839944974870e-01 4.799630625645754378e-01 4.481766835134763372e-01 2.580712952272799510e-01
3.416578381946128173e-01 5.430452938374580318e-01 7.670539292912673668e-01 2.843549703596683353e-01
4.888234144118143165e-01 2.883266365948776097e-02 8.719061572377354574e-01 2.679711620721810794e-01
9.863763781045445933e-01 1.259126222789005434e-01 1.058661998383403358e-01 2.531467747623134534e-01
4.739573244026634713e-02 9.955214460484169692e-01 8.179666866150198112e-02 2.122466449763783791e-01
4.732900492724064212e-01 8.383400009499464289e-01 2.705227755050709226e-01 2.640454385315920693e-01
-8.254635136253206662e-01 5.513869863700877616e-01 1.207575212359571354e-01 2.010315060094200190e-01
-4.880362048244248352e-01 1.050645417796443187e-01 8.664768345669753291e-01 2.678137761273932105e-01
-6.005257800049156741e-02 8.291797313040113471e-01 5.557469397757421881e-01 2.676272817914751023e-01
-1.538554380652192577e-01 4.656176523524743760e-01 8.715094411396412388e-01 2.193381606554061503e-01
-5.950122404762165917e-01 5.764220871064632545e-01 5.600875031450905928e-01 2.756772689244078589e-01
-8.926062777053506148e-01 1.593261370910774299e-01 4.217454386719954873e-01 2.603246454233925089e-01
-4.325030034729904216e-01 8.919997522464286899e-01 1.314442618722936884e-01 2.802398617132260128e-01
-9.540708713387303641e-01 -2.704793981411002246e-01 1.288008837088635838e-01 2.615922929676538500e-01
-7.439948880371282103e-01 -2.653820227609942073e-01 6.132242563450210904e-01 2.322254500369565766e-01
-3.381103994600742624e-01 -4.714212657251884431e-01 8.145203177324737975e-01 2.606218854565132137e-01
-5.940226404596230525e-01 -7.037080049112560687e-01 3.897847437306865559e-01 2.673730607471609400e-01
-7.470758182428394178e-02 -8.489392211395921928e-01 5.231835012965055931e-01 2.686311979225600166e-01
1.795773125268896597e-01 -9.790510827804524974e-01 9.597377835660775292e-02 2.232726484802775579e-01
6.374941684628628868e-01 -4.081627164546035580e-01 6.534557231153782508e-01 2.230106766106551286e-01
8.832937255825296097e-01 -4.410155041752142346e-01 1.590519393896736577e-01 3.025957062232416117e-01
1.675249995063076147e-01 -4.846825332078402160e-01 8.584976508667001571e-01 2.624408209675347936e-01
4.576852494762092549e-01 -7.796665525160636490e-01 4.273690200513090565e-01 2.611720945695018004e-01
6.016288106962767168e-01 5.084542904329796276e-01 -6.160495180425668016e-01 2.518417318232973878e-01
9.169466050619149433e-01 1.302255512035081497e-01 -3.771607472672243166e-01 2.593514692077055206e-01
1.267437123482520744e-01 6.711079692260712992e-01 -7.304451553822792764e-01 2.500350220543934299e-01
3.910631377712485701e-01 8.784063990535513344e-01 -2.747213504230763825e-01 2.853909190470040880e-01
8.116932474045194246e-01 5.716008261896300402e-01 -1.201106473933014618e-01 2.512977844687704909e-01
3.035730777110519085e-01 2.371601533984069310e-01 -9.228209187751887921e-01 2.507297241464126469e-01
-6.970137016424099441e-01 1.558576455545334360e-01 -6.999144905236232006e-01 2.514004591580605297e-01
-2.204213695117826499e-01 1.562212134732659519e-01 -9.628132489343353972e-01 2.666485942903081829e-01
-6.940138999996058322e-01 6.351612667300134962e-01 -3.389909613149910683e-01 2.610792202503123827e-01
-1.945497390778763158e-01 9.098116973029307664e-01 -3.665966100163647323e-01 2.608101825031778898e-01
-9.612726033104703749e-01 1.868195992180419485e-01 -2.026164343599036466e-01 2.870128210976266581e-01
-3.772247414332378646e-01 5.844532292285681274e-01 -7.184120804210669675e-01 2.521127804787552940e-01
-4.635878966883944519e-01 -3.066709890888119627e-01 -8.312876556856358956e-01 2.823406788427419989e-01
-7.138573235314536747e-02 -6.232547232562486439e-01 -7.787538938298684821e-01 2.156189005902464095e-01
-7.364201461065461585e-01 -6.676682315678720281e-01 -1.091077493281007171e-01 2.424155887128848497e-01
-4.628857405164442662e-01 -7.238983868685967549e-01 -5.115739601617603771e-01 2.516263945515460621e-01
-8.627531169493286578e-01 -2.741532345373571822e-01 -4.248494594405446412e-01 2.595187138057029608e-01
-3.177312110673023993e-01 -9.479834417668312474e-01 -1.934610166462785372e-02 2.635336630873400532e-01
1.594104109991075768e-01 -2.222803383660990895e-01 -9.618626575769267939e-01 2.455113584239868030e-01
4.223014705053181328e-01 -6.031817592929620275e-01 -6.766337512017067679e-01 2.791203292188642604e-01
8.518096853422696402e-01 -3.858771951411861800e-01 -3.542866780265306881e-01 2.430170352727835659e-01
9.313000216766571804e-02 -9.200160188615859047e-01 -3.806538161299957146e-01 2.703500456289282261e-01
6.647551420566354397e-01 -1.084197491769373356e-01 -7.391520541117858611e-01 2.584830326755384600e-01
6.065807498368940287e-01 -7.799794488636787593e-01 -1.539215815849855895e-01 2.660377254744027420e-01
